date,1. open,2. high,3. low,4. close,5. adjusted close,6. volume,7. dividend amount,8. split coefficient
2021-04-16,133.5,134.74,133.01,133.73,133.73,7589450.0,0.0,1.0
2021-04-15,136.0,136.14,132.85,134.41,134.41,8269392.0,0.0,1.0
2021-04-14,134.67,137.14,133.24,134.14,134.14,8134216.0,0.0,1.0
2021-04-13,136.626,136.99,133.2,135.1,135.1,8034306.0,0.0,1.0
2021-04-12,137.82,138.73,134.515,135.0,135.0,11147473.0,0.0,1.0
2021-04-09,138.32,140.18,137.49,138.91,138.91,9637207.0,0.0,1.0
2021-04-08,140.61,141.6828,138.21,139.35,139.35,10237997.0,0.0,1.0
2021-04-07,140.25,141.87,136.82,139.14,139.14,13702741.0,0.0,1.0
2021-04-06,143.88,145.3,136.95,139.54,139.54,18004754.0,0.0,1.0
2021-04-05,145.5,146.0,141.74,143.05,143.05,14377393.0,0.0,1.0
2021-04-01,138.14,142.36,137.2009,141.52,141.52,15929211.0,0.0,1.0
2021-03-31,129.97,135.5,129.0,133.6,133.6,18589548.0,0.0,1.0
2021-03-30,124.89,127.9,123.858,126.76,126.76,7970891.0,0.0,1.0
2021-03-29,127.04,127.83,123.47,125.71,125.71,10539574.0,0.0,1.0
2021-03-26,119.67,128.98,119.1722,128.64,128.64,14036994.0,0.0,1.0
2021-03-25,118.76,120.48,116.22,119.72,119.72,10381612.0,0.0,1.0
2021-03-24,122.65,125.8,120.42,121.1,121.1,20252469.0,0.0,1.0
2021-03-23,119.9,120.2,115.56,116.38,116.38,8263821.0,0.0,1.0
2021-03-22,117.6048,121.48,116.97,119.33,119.33,11318720.0,0.0,1.0
2021-03-19,114.51,117.06,112.14,114.86,114.86,13044677.0,0.0,1.0
2021-03-18,117.86,118.78,114.11,114.28,114.28,9044761.0,0.0,1.0
2021-03-17,116.19,121.14,114.9,119.9,119.9,8342614.0,0.0,1.0
2021-03-16,117.03,121.2714,116.92,118.5,118.5,10383010.0,0.0,1.0
2021-03-15,114.63,115.43,113.1,114.88,114.88,7068801.0,0.0,1.0
2021-03-12,114.55,116.45,113.33,114.29,114.29,7426014.0,0.0,1.0
2021-03-11,117.26,117.85,115.64,117.19,117.19,7715517.0,0.0,1.0
2021-03-10,115.8,116.5,112.58,112.68,112.68,8820310.0,0.0,1.0
2021-03-09,110.26,114.95,109.41,114.22,114.22,12040811.0,0.0,1.0
2021-03-08,112.8,114.12,105.5,105.68,105.68,12091539.0,0.0,1.0
2021-03-05,111.59,114.34,105.65,113.45,113.45,9962705.0,0.0,1.0
2021-03-04,115.3384,116.49,107.13,108.24,108.24,12433371.0,0.0,1.0
2021-03-03,118.28,119.85,115.1,115.44,115.44,7257143.0,0.0,1.0
2021-03-02,121.84,121.91,117.235,117.5,117.5,6505039.0,0.0,1.0
2021-03-01,121.18,122.48,119.46,122.25,122.25,7008040.0,0.0,1.0
2021-02-26,116.53,120.25,113.44,118.19,118.19,11588920.0,0.0,1.0
2021-02-25,121.17,121.22,113.6,113.93,113.93,11301926.0,0.0,1.0
2021-02-24,115.05,123.02,114.42,122.81,122.81,10098078.0,0.22,1.0
2021-02-23,112.86,117.8,110.69,116.14,115.932320572,9387863.0,0.0,1.0
2021-02-22,117.97,119.8699,114.62,115.23,115.023947818,7798801.0,0.0,1.0
2021-02-19,121.61,124.5,118.9,119.46,119.246383809,21054135.0,0.0,1.0
2021-02-18,114.0,115.63,112.44,113.43,113.227166545,8239621.0,0.0,1.0
2021-02-17,116.46,117.06,112.09,115.71,115.50308949,7216045.0,0.0,1.0
2021-02-16,118.51,121.132,117.69,118.35,118.138368691,9260050.0,0.0,1.0
2021-02-12,113.0,117.82,111.69,116.7,116.49131919,8157465.0,0.0,1.0
2021-02-11,107.4336,114.3,107.29,113.0,112.797935463,12147082.0,0.0,1.0
2021-02-10,106.94,108.2,105.03,105.88,105.690667317,4986338.0,0.0,1.0
2021-02-09,106.2067,107.36,104.7805,105.38,105.191561408,5763794.0,0.0,1.0
2021-02-08,101.85,106.25,101.76,106.19,106.000112981,6621431.0,0.0,1.0
2021-02-05,104.855,105.2,100.69,100.71,100.529912217,6349259.0,0.0,1.0
2021-02-04,100.21,103.73,100.21,103.24,103.055388117,6356334.0,0.0,1.0
2021-02-03,104.32,104.41,99.82,99.87,99.6914142892,5399162.0,0.0,1.0
2021-02-02,102.99,103.94,101.77,103.59,103.404762253,5069962.0,0.0,1.0
2021-02-01,99.246,102.15,97.68,101.21,101.029018126,9083609.0,0.0,1.0
2021-01-29,100.23,100.46,96.07,96.68,96.507118589,7943425.0,0.0,1.0
2021-01-28,101.19,103.35,99.97,101.15,100.969125417,7432989.0,0.0,1.0
2021-01-27,102.1,104.06,98.08,98.58,98.4037210436,9782747.0,0.0,1.0
2021-01-26,108.8503,108.895,105.27,105.53,105.341293181,6029762.0,0.0,1.0
2021-01-25,107.51,110.1,107.0,108.12,107.92666179,8437795.0,0.0,1.0
2021-01-22,108.0532,109.7536,106.25,106.33,106.139862635,6207648.0,0.0,1.0
2021-01-21,109.11,109.28,106.27,107.97,107.776930017,7273779.0,0.0,1.0
2021-01-20,110.11,110.875,105.16,107.84,107.647162481,9925975.0,0.0,1.0
2021-01-19,105.1,109.58,104.39,109.22,109.02469479,9362201.0,0.0,1.0
2021-01-15,105.16,105.42,101.15,103.14,102.955566935,8981236.0,0.0,1.0
2021-01-14,102.83,106.6,102.7,105.8,105.610810371,11662982.0,0.0,1.0
2021-01-13,100.49,100.49,97.96,98.05,97.87466878,5309991.0,0.0,1.0
2021-01-12,98.53,100.87,98.2,100.01,99.8311639438,7134103.0,0.0,1.0
2021-01-11,94.62,98.3,94.18,97.96,97.7848297163,8359081.0,0.0,1.0
2021-01-08,96.29,97.8,94.8799,95.56,95.3891213525,9059720.0,0.0,1.0
2021-01-07,92.1265,95.0599,91.99,94.56,94.3909095343,8784052.0,0.0,1.0
2021-01-06,88.29,91.9,88.28,90.83,90.6675794522,9817978.0,0.0,1.0
2021-01-05,86.4,89.62,86.4,89.6,89.4397789157,6987214.0,0.0,1.0
2021-01-04,87.24,89.3,86.15,86.87,86.7146606519,8449949.0,0.0,1.0
2020-12-31,86.99,87.06,85.17,86.3,86.1456799155,5716036.0,0.0,1.0
2020-12-30,85.38,87.57,85.16,86.98,86.8244639519,6294301.0,0.0,1.0
2020-12-29,85.02,85.1197,83.53,84.27,84.1193099244,4518003.0,0.0,1.0
2020-12-28,86.3665,86.74,84.56,84.87,84.7182370154,2995539.0,0.0,1.0
2020-12-24,84.74,85.39,84.2,85.33,85.1774144518,1409156.0,0.0,1.0
2020-12-23,86.3,86.5,83.96,84.03,83.879739088,4586080.0,0.0,1.0
2020-12-22,86.55,86.61,85.54,85.64,85.4868601154,3901444.0,0.0,1.0
2020-12-21,84.385,86.53,83.8,86.41,86.2554832155,5226564.0,0.0,1.0
2020-12-18,87.66,88.15,85.3366,86.09,85.9360554336,14603135.0,0.0,1.0
2020-12-17,89.125,89.24,87.13,87.5,87.3435340974,5559640.0,0.0,1.0
2020-12-16,88.31,89.25,87.29,88.55,88.3916565065,5808136.0,0.0,1.0
2020-12-15,89.9,90.605,87.95,88.47,88.3117995611,6180768.0,0.0,1.0
2020-12-14,88.4993,90.52,88.32,88.5,88.3417459156,6425496.0,0.0,1.0
2020-12-11,87.05,88.59,86.59,88.3,88.142103552,5776367.0,0.0,1.0
2020-12-10,87.0,88.61,86.46,87.89,87.7328367065,5731157.0,0.0,1.0
2020-12-09,89.565,90.1,87.18,87.82,87.6629618792,7017779.0,0.0,1.0
2020-12-08,89.23,90.26,89.04,89.75,89.5895106885,4702966.0,0.0,1.0
2020-12-07,89.27,89.46,87.8225,89.14,88.9806014793,5524095.0,0.0,1.0
2020-12-04,86.92,88.92,86.65,88.84,88.6811379338,6876859.0,0.0,1.0
2020-12-03,85.74,87.03,85.685,86.1,85.9460375518,4824985.0,0.0,1.0
2020-12-02,83.69,85.59,83.61,85.29,85.137485979,5272794.0,0.0,1.0
2020-12-01,83.05,84.62,82.88,84.27,84.1193099244,7021837.0,0.0,1.0
2020-11-30,82.0,82.59,80.7075,82.48,82.3325107697,7543095.0,0.0,1.0
2020-11-27,81.81,83.53,81.68,82.66,82.512188897,3098229.0,0.0,1.0
2020-11-25,82.895,83.02,81.07,81.14,80.9949069333,5518508.0,0.0,1.0
2020-11-24,81.0,83.14,79.82,82.95,82.8016703243,9518681.0,0.0,1.0
2020-11-23,76.9718,80.58,76.9718,80.5,80.3560513696,8809829.0,0.0,1.0
2020-11-20,77.2,78.57,76.68,76.725,76.5878017557,7609745.0,0.0,1.0
2020-11-19,75.26,77.51,74.51,77.25,77.1118629603,8990081.0,0.0,1.0
2020-11-18,74.69,76.67,74.59,75.71,75.5746167601,10667679.0,0.22,1.0
2020-11-17,73.76,74.57,73.06,74.37,74.0219181938,5460128.0,0.0,1.0
2020-11-16,72.97,74.53,72.58,74.48,74.1314033491,8104390.0,0.0,1.0
2020-11-13,72.27,73.94,71.505,72.81,72.4692196274,10182304.0,0.0,1.0
2020-11-12,70.86,71.15,69.43,69.8,69.4733076499,8555129.0,0.0,1.0
2020-11-11,70.2032,71.7,69.8849,71.16,70.8269422975,8071944.0,0.0,1.0
2020-11-10,70.95,71.49,69.1,69.39,69.0652266164,8206498.0,0.0,1.0
2020-11-09,73.2,75.93,71.26,71.3,70.9662870407,10154563.0,0.0,1.0
2020-11-06,68.9,70.86,68.35,70.53,70.1998909534,8639662.0,0.0,1.0
2020-11-05,66.0,70.06,65.91,69.95,69.622605589,13118074.0,0.0,1.0
2020-11-04,63.44,65.19,62.13,64.86,64.5564288564,9808323.0,0.0,1.0
2020-11-03,60.99,62.44,60.99,61.83,61.540610487,9967589.0,0.0,1.0
2020-11-02,59.95,60.475,59.53,60.33,60.0476310963,7475407.0,0.0,1.0
2020-10-30,58.74,59.28,58.26,59.23,58.952779543,7338657.0,0.0,1.0
2020-10-29,57.23,60.23,56.95,59.5,59.2215158334,6314380.0,0.0,1.0
2020-10-28,57.78,58.22,56.87,57.32,57.0517191188,8976958.0,0.0,1.0
2020-10-27,59.78,59.99,58.77,58.83,58.5546517055,4626324.0,0.0,1.0
2020-10-26,60.325,60.5,58.65,59.51,59.2314690293,6715421.0,0.0,1.0
2020-10-23,61.7,62.17,60.66,60.95,60.6647292444,6520098.0,0.0,1.0
2020-10-22,61.73,62.15,60.86,61.7,61.4112189398,6014586.0,0.0,1.0
2020-10-21,62.4,62.86,61.91,62.11,61.8192999733,6188889.0,0.0,1.0
2020-10-20,62.67,63.01,62.02,62.26,61.9685979124,4479873.0,0.0,1.0
2020-10-19,63.17,63.62,61.8141,62.05,61.7595807977,5757543.0,0.0,1.0
2020-10-16,63.76,63.93,62.405,63.0,62.7051344118,6841070.0,0.0,1.0
2020-10-15,62.4,63.685,62.02,63.51,63.2127474047,6397398.0,0.0,1.0
2020-10-14,64.9,65.18,63.43,63.98,63.6805476138,5824029.0,0.0,1.0
2020-10-13,65.24,65.42,64.155,64.69,64.3872245254,7189885.0,0.0,1.0
2020-10-12,64.06,65.12,63.98,64.68,64.3772713295,7021872.0,0.0,1.0
2020-10-09,63.29,63.81,63.06,63.29,62.993777094,6367103.0,0.0,1.0
2020-10-08,61.7,62.697,61.37,62.6,62.3070065743,5411867.0,0.0,1.0
2020-10-07,61.5,61.79,60.915,61.12,60.8339335754,5335383.0,0.0,1.0
2020-10-06,60.33,62.16,60.17,60.4,60.1173034678,6947868.0,0.0,1.0
2020-10-05,58.93,60.63,58.76,60.6,60.3163673866,6694647.0,0.0,1.0
2020-10-02,59.09,59.66,58.19,58.21,57.9375535573,7103905.0,0.0,1.0
2020-10-01,60.37,61.02,59.51,60.65,60.3661333663,7542796.0,0.0,1.0
2020-09-30,59.43,60.183,58.99,59.45,59.1717498537,9074380.0,0.0,1.0
2020-09-29,59.3814,60.25,59.15,59.65,59.3708137725,5427837.0,0.0,1.0
2020-09-28,58.28,59.85,58.25,59.36,59.0821710902,8615960.0,0.0,1.0
2020-09-25,57.49,58.38,56.65,58.23,57.9574599492,6542598.0,0.0,1.0
2020-09-24,56.94,58.82,56.76,57.79,57.5195193279,6318534.0,0.0,1.0
2020-09-23,58.1,58.88,57.01,57.25,56.9820467472,8831791.0,0.0,1.0
2020-09-22,57.96,58.11,56.71,57.89,57.6190512873,7629281.0,0.0,1.0
2020-09-21,55.21,57.36,54.15,57.32,57.0517191188,8494306.0,0.0,1.0
2020-09-18,56.79,56.8,55.195,56.15,55.887195194,11912995.0,0.0,1.0
2020-09-17,54.82,56.63,54.69,56.34,56.0763059168,7098656.0,0.0,1.0
2020-09-16,57.49,58.195,56.38,56.47,56.205697464,8340864.0,0.0,1.0
2020-09-15,57.23,57.88,56.48,57.2,56.9322807675,7209788.0,0.0,1.0
2020-09-14,56.23,57.115,56.12,56.46,56.1957442681,8495715.0,0.0,1.0
2020-09-11,55.61,56.31,54.675,55.0,54.7425776611,9203264.0,0.0,1.0
2020-09-10,55.6,56.25,54.94,55.12,54.8620160124,10670524.0,0.0,1.0
2020-09-09,56.61,56.98,54.51,55.2,54.9416415799,16267604.0,0.0,1.0
2020-09-08,57.07,57.79,55.32,55.63,55.3696290052,20934765.0,0.0,1.0
2020-09-04,61.21,61.83,58.5498,60.96,60.6746824404,14688155.0,0.0,1.0
2020-09-03,64.19,64.37,61.05,61.46,61.1723422373,11012979.0,0.0,1.0
2020-09-02,62.49,65.3,62.37,65.08,64.775399167,10802478.0,0.0,1.0
2020-09-01,61.98,62.1,61.23,61.89,61.6003296627,7922675.0,0.0,1.0
2020-08-31,62.44,62.61,61.4184,61.6,61.3116869804,6454221.0,0.0,1.0
2020-08-28,62.06,63.1,61.97,63.07,62.7748067834,5206045.0,0.0,1.0
2020-08-27,64.29,64.29,61.29,62.03,61.7396744058,8917799.0,0.0,1.0
2020-08-26,64.05,64.26,63.49,63.76,63.4615773031,5965129.0,0.0,1.0
2020-08-25,64.11,64.65,63.43,64.05,63.7502199853,5157230.0,0.0,1.0
2020-08-24,63.36,63.8,62.68,63.74,63.4416709113,8366548.0,0.0,1.0
2020-08-21,63.1,63.28,61.92,62.27,61.9785511083,11150608.0,0.0,1.0
2020-08-20,64.71,64.82,63.28,63.79,63.4914368909,8307751.0,0.0,1.0
2020-08-19,66.57,66.73,65.69,65.87,65.5617016461,4979510.0,0.22,1.0
2020-08-18,67.39,67.39,66.07,66.43,65.8989838153,6166721.0,0.0,1.0
2020-08-17,68.1,68.23,66.77,66.94,66.404907069,6875037.0,0.0,1.0
2020-08-14,67.39,69.9,66.5,67.62,67.0794714073,23421915.0,0.0,1.0
2020-08-13,66.36,66.6,64.61,65.07,64.5498551387,10684354.0,0.0,1.0
2020-08-12,64.99,66.67,64.7,66.5,65.9684242619,6177867.0,0.0,1.0
2020-08-11,65.32,66.12,64.23,64.46,63.9447312469,7608649.0,0.0,1.0
2020-08-10,63.65,65.28,63.62,65.24,64.7184962232,7386983.0,0.0,1.0
2020-08-07,63.69,65.01,62.78,63.57,63.0618455688,7124232.0,0.0,1.0
2020-08-06,63.87,64.17,62.6,63.61,63.101525824,7395898.0,0.0,1.0
2020-08-05,64.8726,65.25,64.42,64.87,64.3514538627,4574091.0,0.0,1.0
2020-08-04,65.0,65.2,64.18,64.85,64.3316137351,5190185.0,0.0,1.0
2020-08-03,64.79,65.59,64.68,65.01,64.4903347559,5540739.0,0.0,1.0
2020-07-31,64.79,64.79,63.12,64.33,63.8157704175,5901236.0,0.0,1.0
2020-07-30,63.23,64.43,62.987,64.42,63.9050509917,5525019.0,0.0,1.0
2020-07-29,62.67,63.66,62.17,63.25,62.7444035273,4621405.0,0.0,1.0
2020-07-28,62.53,62.95,61.9,62.3,61.8019974664,4565741.0,0.0,1.0
2020-07-27,61.63,63.065,61.11,63.01,62.5063219961,7194708.0,0.0,1.0
2020-07-24,60.37,61.35,59.62,60.62,60.1354267482,11040982.0,0.0,1.0
2020-07-23,64.33,65.33,63.2,63.63,63.1213659516,5351832.0,0.0,1.0
2020-07-22,63.58,64.61,63.52,64.22,63.7066497158,5027849.0,0.0,1.0
2020-07-21,64.12,64.84,63.26,63.81,63.2999271,5674930.0,0.0,1.0
2020-07-20,62.61,63.9,61.88,63.73,63.2205665896,4927116.0,0.0,1.0
2020-07-17,62.85,62.85,61.95,62.3,61.8019974664,4585216.0,0.0,1.0
2020-07-16,61.61,62.62,61.5,62.34,61.8416777216,3934305.0,0.0,1.0
2020-07-15,62.75,62.84,61.3,62.1,61.6035961904,5226458.0,0.0,1.0
2020-07-14,60.8,62.63,60.07,62.54,62.0400789976,6297457.0,0.0,1.0
2020-07-13,63.01,63.78,61.41,61.51,61.0183124263,6178740.0,0.0,1.0
2020-07-10,63.28,63.49,62.05,62.59,62.0896793166,5899163.0,0.0,1.0
2020-07-09,63.08,63.7,62.24,63.49,62.9824850584,6156105.0,0.0,1.0
2020-07-08,62.9,63.18,62.02,62.77,62.2682404649,4045734.0,0.0,1.0
2020-07-07,63.38,63.83,62.03,62.18,61.6829567008,5078196.0,0.0,1.0
2020-07-06,62.39,63.71,62.29,63.46,62.952724867,7776963.0,0.0,1.0
2020-07-02,60.5,61.65,60.34,61.0,60.5123891725,5597211.0,0.0,1.0
2020-07-01,60.43,60.78,59.54,59.68,59.2029407511,5306563.0,0.0,1.0
2020-06-30,59.12,60.94,59.07,60.45,59.9667856636,6067624.0,0.0,1.0
2020-06-29,58.44,59.07,57.56,59.06,58.5878967956,5035850.0,0.0,1.0
2020-06-26,59.57,60.14,58.01,58.38,57.9133324573,12786506.0,0.0,1.0
2020-06-25,59.6,60.07,58.61,59.98,59.5005426651,6298882.0,0.0,1.0
2020-06-24,60.33,60.89,59.15,59.97,59.4906226013,7937250.0,0.0,1.0
2020-06-23,61.93,61.98,60.44,60.84,60.3536681518,7264936.0,0.0,1.0
2020-06-22,60.52,61.39,59.58,61.27,60.7802308951,5379935.0,0.0,1.0
2020-06-19,61.4,62.33,60.41,60.95,60.4627888536,10086928.0,0.0,1.0
2020-06-18,59.57,60.72,59.57,60.38,59.897345217,5673980.0,0.0,1.0
2020-06-17,58.73,60.43,58.54,60.0,59.5203827927,8338141.0,0.0,1.0
2020-06-16,58.96,60.13,57.9,58.54,58.072053478,9719139.0,0.0,1.0
2020-06-15,54.92,57.23,54.52,57.05,56.593963972,7222230.0,0.0,1.0
2020-06-12,57.51,58.01,54.97,56.55,56.0979607821,8534153.0,0.0,1.0
2020-06-11,58.26,58.59,55.35,55.41,54.967073509,9386832.0,0.0,1.0
2020-06-10,60.2,60.57,59.46,59.86,59.3815018995,5319825.0,0.0,1.0
2020-06-09,59.02,60.26,58.93,59.79,59.3120614529,6184250.0,0.0,1.0
2020-06-08,59.93,60.47,59.09,59.9,59.4211821547,5528660.0,0.0,1.0
2020-06-05,59.71,61.11,59.62,60.19,59.7088640048,8349728.0,0.0,1.0
2020-06-04,57.16,59.2,57.1,58.13,57.6653308623,7456860.0,0.0,1.0
2020-06-03,56.69,58.25,56.41,57.81,57.3478888207,8026744.0,0.0,1.0
2020-06-02,56.0,56.22,54.75,55.79,55.3440359334,6998693.0,0.0,1.0
2020-06-01,55.63,56.47,55.19,55.69,55.2448352954,5377115.0,0.0,1.0
2020-05-29,55.0,56.38,54.46,56.18,55.7309184215,10820226.0,0.0,1.0
2020-05-28,56.12,56.68,54.35,54.67,54.2329887879,7239260.0,0.0,1.0
2020-05-27,55.59,56.44,53.32,56.4,55.9491598251,9071585.0,0.0,1.0
2020-05-26,56.31,56.71,54.96,55.14,54.6992317865,7757569.0,0.0,1.0
2020-05-22,55.02,55.17,53.72,54.39,53.9552270016,7121020.0,0.0,1.0
2020-05-21,56.84,56.92,54.85,55.02,54.5801910209,7467173.0,0.0,1.0
2020-05-20,56.5,58.16,56.32,56.88,56.4253228875,9824053.0,0.22,1.0
2020-05-19,54.5,57.0,54.03,55.47,54.8145824968,10535645.0,0.0,1.0
2020-05-18,53.53,54.65,52.41,54.36,53.7176979363,11300624.0,0.0,1.0
2020-05-15,53.16,53.47,51.17,52.04,51.4251103864,20755933.0,0.0,1.0
2020-05-14,50.75,54.65,49.66,54.43,53.7868708365,15838955.0,0.0,1.0
2020-05-13,52.5,52.86,50.4,51.49,50.8816090276,8696554.0,0.0,1.0
2020-05-12,54.4,54.59,52.31,52.33,51.7116838301,7479010.0,0.0,1.0
2020-05-11,54.13,54.41,53.37,54.01,53.3718334352,8211460.0,0.0,1.0
2020-05-08,52.41,53.89,52.24,53.81,53.1741965775,8089548.0,0.0,1.0
2020-05-07,51.46,51.8,50.91,51.25,50.6444447983,6645646.0,0.0,1.0
2020-05-06,49.99,51.16,49.54,50.5,49.9033065817,8594562.0,0.0,1.0
2020-05-05,48.83,50.75,48.53,48.85,48.2728025053,8220563.0,0.0,1.0
2020-05-04,46.56,47.64,46.22,47.58,47.0178084586,7798029.0,0.0,1.0
2020-05-01,48.08,48.36,46.37,46.89,46.3359612993,13583130.0,0.0,1.0
2020-04-30,53.45,53.88,49.64,49.68,49.0929954649,14456993.0,0.0,1.0
2020-04-29,51.83,54.65,51.42,54.34,53.6979342505,8946250.0,0.0,1.0
2020-04-28,51.91,52.12,50.26,50.42,49.8242518386,7759524.0,0.0,1.0
2020-04-27,52.5,52.72,50.65,51.03,50.4270442548,6587434.0,0.0,1.0
2020-04-24,51.22,51.88,49.94,51.74,51.1286550998,7665048.0,0.0,1.0
2020-04-23,51.75,52.22,50.59,50.9,50.2985802972,9048275.0,0.0,1.0
2020-04-22,50.1,52.43,49.81,52.11,51.4942832866,7790213.0,0.0,1.0
2020-04-21,49.9,50.05,48.21,48.33,47.7589466751,9359637.0,0.0,1.0
2020-04-20,52.1,52.49,50.61,50.63,50.0317705393,7041189.0,0.0,1.0
2020-04-17,53.64,53.9,52.27,53.2,52.5714041613,9367590.0,0.0,1.0
2020-04-16,51.87,52.57,50.8,52.23,51.6128654013,8878072.0,0.0,1.0
2020-04-15,51.31,51.31,49.75,50.37,49.7748426242,7206676.0,0.0,1.0
2020-04-14,51.41,52.84,51.08,52.47,51.8500296306,8025517.0,0.0,1.0
2020-04-13,49.3,49.97,48.37,49.88,49.2906323227,5750047.0,0.0,1.0
2020-04-09,52.0,52.74,48.68,49.59,49.004058879,11659104.0,0.0,1.0
2020-04-08,48.63,51.62,48.52,51.46,50.8519634989,14428958.0,0.0,1.0
2020-04-07,48.0,48.97,46.3,47.56,46.9980447728,11962593.0,0.0,1.0
2020-04-06,44.84,46.45,44.64,46.15,45.6047049257,12046450.0,0.0,1.0
2020-04-03,43.46,43.62,41.58,42.28,41.7804317282,9488550.0,0.0,1.0
2020-04-02,42.5,44.46,42.13,43.24,42.7290886454,8764565.0,0.0,1.0
2020-04-01,43.83,46.18,42.83,43.3,42.7883797027,10665913.0,0.0,1.0
2020-03-31,47.17,47.28,45.15,45.82,45.2786041104,11068717.0,0.0,1.0
2020-03-30,45.4,47.51,45.33,47.3,46.7411168577,7839167.0,0.0,1.0
2020-03-27,47.7,48.13,44.84,45.05,44.5177022081,10624183.0,0.0,1.0
2020-03-26,46.23,49.39,45.34,49.2,48.6186670064,11869403.0,0.0,1.0
2020-03-25,44.93,48.22,43.77,44.73,44.2014832357,11550731.0,0.0,1.0
2020-03-24,44.24,46.24,43.03,45.14,44.606638794,16338454.0,0.0,1.0
2020-03-23,38.64,41.54,37.92,40.17,39.695362879,15138428.0,0.0,1.0
2020-03-20,41.49,43.26,37.8,37.99,37.5411211295,13967138.0,0.0,1.0
2020-03-19,38.68,42.07,36.86,40.19,39.7151265647,13066570.0,0.0,1.0
2020-03-18,40.57,41.76,36.64,39.18,38.7170604331,18860659.0,0.0,1.0
2020-03-17,41.76,46.07,39.77,44.86,44.3299471932,16361231.0,0.0,1.0
2020-03-16,44.05,46.7,40.41,40.53,40.0511092229,13762985.0,0.0,1.0
2020-03-13,48.67,51.23,45.35,50.89,50.2886984543,15539265.0,0.0,1.0
2020-03-12,48.78,50.36,45.1,45.11,44.5769932654,18043724.0,0.0,1.0
2020-03-11,54.28,54.99,51.41,52.49,51.8697933163,12977850.0,0.0,1.0
2020-03-10,54.4,56.17,52.57,56.17,55.5063114989,10107411.0,0.0,1.0
2020-03-09,52.81,55.33,52.0,52.07,51.4547559151,10305890.0,0.0,1.0
2020-03-06,57.0,58.48,56.25,57.79,57.1071700467,8958735.0,0.0,1.0
2020-03-05,58.56,60.44,58.26,59.13,58.4313369936,9842549.0,0.0,1.0
2020-03-04,59.44,60.65,58.27,60.52,59.804913155,7925764.0,0.0,1.0
2020-03-03,59.97,61.38,57.56,58.04,57.3542161189,14036618.0,0.0,1.0
2020-03-02,58.7,60.19,57.0,60.16,59.449166811,10795212.0,0.0,1.0
2020-02-28,54.19,58.18,54.08,58.12,57.433270862,14945271.0,0.0,1.0
2020-02-27,57.2,58.5,56.4,57.0,56.3265044586,15746188.0,0.0,1.0
2020-02-26,59.58,60.76,59.31,59.81,59.10330231,10855351.0,0.0,1.0
2020-02-25,61.92,62.28,58.48,58.86,58.1645272356,9942547.0,0.0,1.0
2020-02-24,61.13,61.85,60.4,61.08,60.3582963567,11223689.0,0.0,1.0
2020-02-21,65.91,66.13,63.63,64.27,63.5106042378,9660153.0,0.0,1.0
2020-02-20,67.0,67.35,65.22,66.4,65.6154367728,7535934.0,0.0,1.0
2020-02-19,66.5,67.74,66.27,67.41,66.6135029044,8502634.0,0.0,1.0
2020-02-18,64.23,66.0,63.85,65.16,64.3900882548,10218491.0,0.21,1.0
2020-02-14,67.46,67.9,66.55,66.85,65.8479027051,8103993.0,0.0,1.0
2020-02-13,66.75,69.44,65.95,67.37,66.3601077822,21742726.0,0.0,1.0
2020-02-12,64.93,65.68,64.62,65.37,64.3900882548,11592173.0,0.0,1.0
2020-02-11,63.6,64.7,63.34,64.45,63.4838792721,6203824.0,0.0,1.0
2020-02-10,61.08,62.96,61.08,62.92,61.9768143336,5121109.0,0.0,1.0
2020-02-07,62.84,62.98,61.63,61.71,60.7849525195,6093168.0,0.0,1.0
2020-02-06,64.02,64.16,63.05,63.19,62.2427669698,4870591.0,0.0,1.0
2020-02-05,63.98,64.44,62.87,63.8,62.8436229257,8252083.0,0.0,1.0
2020-02-04,61.41,63.65,61.2,63.01,62.0654652124,12322095.0,0.0,1.0
2020-02-03,58.68,60.25,58.66,59.72,58.8247830897,7850022.0,0.0,1.0
2020-01-31,59.82,59.85,57.53,57.99,57.1207161985,10132161.0,0.0,1.0
2020-01-30,61.54,62.03,59.42,60.25,59.3468382645,9656093.0,0.0,1.0
2020-01-29,60.07,60.66,59.49,59.82,58.9232840661,6532570.0,0.0,1.0
2020-01-28,59.76,60.35,58.92,60.19,59.2877376787,6228135.0,0.0,1.0
2020-01-27,59.95,60.45,58.82,59.05,58.164826548,9350583.0,0.0,1.0
2020-01-24,64.8,64.93,61.61,62.0,61.070605351,8007737.0,0.0,1.0
2020-01-23,64.13,64.26,63.13,63.89,62.9322738044,6540695.0,0.0,1.0
2020-01-22,63.7,64.6,63.62,63.89,62.9322738044,5598714.0,0.0,1.0
2020-01-21,62.74,63.89,62.65,63.2,62.2526170675,5401331.0,0.0,1.0
2020-01-17,63.79,63.81,62.53,62.85,61.9078636502,6327840.0,0.0,1.0
2020-01-16,62.59,63.23,62.47,63.21,62.2624671651,5733795.0,0.0,1.0
2020-01-15,62.3,62.37,61.35,61.93,61.0016546675,6314386.0,0.0,1.0
2020-01-14,62.09,63.55,62.08,62.35,61.4153587683,8003042.0,0.0,1.0
2020-01-13,61.48,61.95,61.34,61.81,60.8834534959,4072909.0,0.0,1.0
2020-01-10,62.53,62.71,61.2,61.47,60.5485501762,4456534.0,0.0,1.0
2020-01-09,62.2,62.85,61.21,61.97,61.0410550581,5713547.0,0.0,1.0
2020-01-08,61.7,62.2,61.25,61.58,60.6569012502,4364451.0,0.0,1.0
2020-01-07,60.27,62.1,60.14,61.62,60.6963016408,8002207.0,0.0,1.0
2020-01-06,59.85,60.46,59.3,59.89,58.9922347495,8588868.0,0.0,1.0
2020-01-03,60.69,61.73,60.56,61.21,60.2924476377,5416193.0,0.0,1.0
2020-01-02,62.0,62.65,61.7,62.2,61.2676073037,6289207.0,0.0,1.0
2019-12-31,60.68,61.08,60.1,61.04,60.1249959778,3878974.0,0.0,1.0
2019-12-30,61.35,61.38,60.19,60.93,60.0166449038,3566742.0,0.0,1.0
2019-12-27,61.59,61.68,60.83,61.17,60.2530472471,3315350.0,0.0,1.0
2019-12-26,61.61,61.68,61.04,61.31,60.390948614,2960848.0,0.0,1.0
2019-12-24,61.37,61.52,60.94,61.5,60.5781004691,1624148.0,0.0,1.0
2019-12-23,61.95,62.0,61.03,61.08,60.1643963684,5842104.0,0.0,1.0
2019-12-20,61.21,61.98,60.7,61.81,60.8834534959,15663075.0,0.0,1.0
2019-12-19,60.57,60.7,59.88,60.67,59.7605423652,6764975.0,0.0,1.0
2019-12-18,60.82,61.41,60.37,60.38,59.4748895338,6529503.0,0.0,1.0
2019-12-17,60.45,60.9,60.23,60.79,59.8787435369,7848028.0,0.0,1.0
2019-12-16,61.0,61.43,59.93,59.96,59.061185433,6430827.0,0.0,1.0
2019-12-13,60.01,60.81,59.78,59.87,58.9725345543,6172672.0,0.0,1.0
2019-12-12,59.02,60.48,59.01,60.36,59.4551893385,9285907.0,0.0,1.0
2019-12-11,56.82,59.13,56.7,59.04,58.1549764504,8840937.0,0.0,1.0
2019-12-10,57.17,57.17,56.46,56.62,55.7712528222,6330163.0,0.0,1.0
2019-12-09,57.12,57.23,56.55,56.6,55.7515526269,4750359.0,0.0,1.0
2019-12-06,56.75,57.49,56.48,56.6,55.7515526269,6033535.0,0.0,1.0
2019-12-05,56.33,56.53,55.65,55.84,55.0029452064,5292329.0,0.0,1.0
2019-12-04,56.41,56.54,55.59,56.09,55.2491976474,6564594.0,0.0,1.0
2019-12-03,55.18,55.91,54.95,55.34,54.5104403246,7762747.0,0.0,1.0
2019-12-02,58.14,58.14,56.48,56.7,55.8500536033,6161355.0,0.0,1.0
2019-11-29,58.09,58.3,57.72,57.9,57.0320653197,2905829.0,0.0,1.0
2019-11-27,57.89,58.39,57.74,58.29,57.4162191276,5703005.0,0.0,1.0
2019-11-26,58.27,58.42,57.08,57.57,56.7070120977,10256637.0,0.0,1.0
2019-11-25,56.62,58.42,56.56,58.28,57.4063690299,11194841.0,0.0,1.0
2019-11-22,56.56,57.14,55.44,55.94,55.1014461828,8627714.0,0.0,1.0
2019-11-21,56.64,58.45,55.65,56.44,55.5939510647,13935308.0,0.0,1.0
2019-11-20,60.03,60.43,59.09,59.65,58.7558324062,12045741.0,0.21,1.0
2019-11-19,62.29,62.67,60.85,60.94,59.8159109061,9887589.0,0.0,1.0
2019-11-18,61.89,63.07,61.36,62.35,61.1999022808,10413290.0,0.0,1.0
2019-11-15,60.33,62.92,60.22,62.06,60.9152515725,28391526.0,0.0,1.0
2019-11-14,57.14,57.2,56.51,56.96,55.9093253234,8305853.0,0.0,1.0
2019-11-13,56.11,57.39,56.01,57.12,56.0663739901,5712885.0,0.0,1.0
2019-11-12,57.0,57.25,56.2,56.42,55.3792860735,5118063.0,0.0,1.0
2019-11-11,55.77,56.73,55.55,56.59,55.5461502818,5651305.0,0.0,1.0
2019-11-08,55.7,56.14,55.13,56.03,54.9964799486,3313903.0,0.0,1.0
2019-11-07,56.31,56.49,55.63,55.94,54.9081400736,4487535.0,0.0,1.0
2019-11-06,55.6,55.88,54.91,55.82,54.7903535736,3965867.0,0.0,1.0
2019-11-05,56.09,56.29,55.57,55.88,54.8492468236,3857929.0,0.0,1.0
2019-11-04,56.02,56.4,55.34,55.74,54.7118292403,4152542.0,0.0,1.0
2019-11-01,54.93,55.47,54.41,55.46,54.4369940737,5899037.0,0.0,1.0
2019-10-31,55.19,55.19,53.56,54.26,53.2591290739,6741838.0,0.0,1.0
2019-10-30,55.33,55.44,54.67,55.21,54.1916055321,4247462.0,0.0,1.0
2019-10-29,56.68,57.09,55.4,55.52,54.4958873237,6354593.0,0.0,1.0
2019-10-28,56.03,57.29,56.0,56.95,55.8995097817,8742449.0,0.0,1.0
2019-10-25,54.9,55.84,54.53,55.72,54.692198157,8568345.0,0.0,1.0
2019-10-24,52.94,55.12,52.75,55.07,54.0541879487,18723030.0,0.0,1.0
2019-10-23,51.29,51.45,50.24,50.53,49.5979320329,8608126.0,0.0,1.0
2019-10-22,52.65,52.71,51.94,51.98,51.0211855743,4484021.0,0.0,1.0
2019-10-21,52.19,52.71,51.99,52.64,51.6690113242,5738240.0,0.0,1.0
2019-10-18,52.22,52.41,51.04,51.68,50.7267193243,6393604.0,0.0,1.0
2019-10-17,52.46,53.25,51.84,52.14,51.1782342409,5159955.0,0.0,1.0
2019-10-16,51.88,52.8,51.35,51.56,50.6089328244,8456280.0,0.0,1.0
2019-10-15,52.07,53.14,51.88,52.91,51.9340309491,8063938.0,0.0,1.0
2019-10-14,51.81,52.13,51.79,51.94,50.9819234076,3429704.0,0.0,1.0
2019-10-11,52.16,52.39,51.71,51.75,50.795428116,6823720.0,0.0,1.0
2019-10-10,50.67,51.6,50.64,51.01,50.0690780328,5368631.0,0.0,1.0
2019-10-09,50.12,51.17,50.0,50.84,49.9022138245,6362242.0,0.0,1.0
2019-10-08,50.15,50.28,49.08,49.31,48.4004359497,5722592.0,0.0,1.0
2019-10-07,50.82,51.11,50.58,50.65,49.7157185328,5482744.0,0.0,1.0
2019-10-04,50.01,50.9,49.89,50.88,49.9414759911,4620605.0,0.0,1.0
2019-10-03,49.42,49.77,48.78,49.64,48.7243488247,7082515.0,0.0,1.0
2019-10-02,49.37,49.88,49.21,49.46,48.5476690747,6563804.0,0.0,1.0
2019-10-01,50.41,51.0,49.78,50.02,49.097339408,7746018.0,0.0,1.0
2019-09-30,49.75,50.22,49.26,49.9,48.979552908,6780365.0,0.0,1.0
2019-09-27,51.12,51.46,49.15,49.43,48.5182224497,11206261.0,0.0,1.0
2019-09-26,52.17,52.46,51.81,52.15,51.1880497826,4912909.0,0.0,1.0
2019-09-25,50.65,52.12,50.5,51.93,50.972107866,5488284.0,0.0,1.0
2019-09-24,52.02,52.58,50.87,51.16,50.2163111578,7090554.0,0.0,1.0
2019-09-23,50.85,51.97,50.8,51.76,50.8052436577,5474049.0,0.0,1.0
2019-09-20,51.9,52.02,50.87,50.96,50.0200003245,11651466.0,0.0,1.0
2019-09-19,52.49,52.62,51.37,51.68,50.7267193243,6048521.0,0.0,1.0
2019-09-18,51.26,52.1,51.03,52.09,51.1291565326,7924463.0,0.0,1.0
2019-09-17,50.55,51.26,50.43,51.2,50.2555733244,5478739.0,0.0,1.0
2019-09-16,50.73,51.48,50.28,50.92,49.9807381578,5164314.0,0.0,1.0
2019-09-13,51.74,51.98,51.04,51.35,50.4028064494,6052724.0,0.0,1.0
2019-09-12,51.65,51.86,51.04,51.25,50.3046510327,6251842.0,0.0,1.0
2019-09-11,50.43,51.57,50.01,51.56,50.6089328244,8100369.0,0.0,1.0
2019-09-10,50.38,50.49,49.62,50.19,49.2642036163,7304000.0,0.0,1.0
2019-09-09,50.29,50.8,49.96,50.66,49.7255340745,6653765.0,0.0,1.0
2019-09-06,50.47,50.5,49.8,50.1,49.1758637413,6913666.0,0.0,1.0
2019-09-05,50.46,51.73,50.27,50.35,49.4212522829,10415877.0,0.0,1.0
2019-09-04,48.57,49.56,48.4,49.51,48.596746783,10227852.0,0.0,1.0
2019-09-03,47.64,47.77,47.16,47.61,46.7317938667,7145753.0,0.0,1.0
2019-08-30,47.55,48.09,47.39,48.02,47.134231075,7820358.0,0.0,1.0
2019-08-29,46.66,47.42,46.63,47.31,46.4373276168,6786670.0,0.0,1.0
2019-08-28,45.4,46.04,45.05,45.9,45.053336242,4793138.0,0.0,1.0
2019-08-27,46.0,46.24,45.11,45.51,44.6705301171,5926887.0,0.0,1.0
2019-08-26,46.0,46.17,45.44,45.61,44.7686855337,5715187.0,0.0,1.0
2019-08-23,46.51,46.84,44.82,45.12,44.2877239921,11616331.0,0.0,1.0
2019-08-22,47.14,47.28,46.44,47.03,46.1624924501,4280682.0,0.0,1.0
2019-08-21,47.2,47.52,46.73,46.83,45.9661816168,5198369.0,0.21,1.0
2019-08-20,46.93,47.14,46.51,46.73,45.6632582261,7753815.0,0.0,1.0
2019-08-19,47.6,47.93,46.8,47.1,46.0248119505,8861112.0,0.0,1.0
2019-08-16,45.96,46.99,44.62,46.63,45.5655410033,17870792.0,0.0,1.0
2019-08-15,47.0,47.31,46.5,47.16,46.0834422842,10962138.0,0.0,1.0
2019-08-14,46.95,47.25,46.39,46.71,45.6437147815,7212301.0,0.0,1.0
2019-08-13,46.43,48.25,46.07,48.06,46.9628972897,9162331.0,0.0,1.0
2019-08-12,46.98,47.09,46.23,46.46,45.3994217245,7105235.0,0.0,1.0
2019-08-09,47.54,47.54,46.56,47.15,46.073670562,5293173.0,0.0,1.0
2019-08-08,47.09,47.95,46.89,47.86,46.767462844,6122892.0,0.0,1.0
2019-08-07,46.04,46.86,45.75,46.68,45.6143996147,7591370.0,0.0,1.0
2019-08-06,46.42,46.97,45.68,46.33,45.2723893348,7428271.0,0.0,1.0
2019-08-05,46.2,46.2,44.97,45.46,44.4222494962,12069931.0,0.0,1.0
2019-08-02,48.0,48.4,47.19,47.55,46.4645394533,8093891.0,0.0,1.0
2019-08-01,49.44,51.05,47.91,48.47,47.3635379032,11076755.0,0.0,1.0
2019-07-31,50.53,50.59,48.69,49.37,48.2429929087,8334837.0,0.0,1.0
2019-07-30,50.06,51.05,49.91,50.73,49.5719471391,4666303.0,0.0,1.0
2019-07-29,50.46,50.77,50.06,50.67,49.5133168054,4485653.0,0.0,1.0
2019-07-26,50.89,51.1,50.46,50.74,49.5817188614,5737709.0,0.0,1.0
2019-07-25,51.72,51.79,50.67,50.82,49.6598926396,8300988.0,0.0,1.0
2019-07-24,50.99,52.42,50.76,52.14,50.9497599809,11289791.0,0.0,1.0
2019-07-23,50.64,51.32,50.12,51.03,49.8650988076,10063926.0,0.0,1.0
2019-07-22,49.32,50.8,49.21,50.73,49.5719471391,21606446.0,0.0,1.0
2019-07-19,48.31,48.49,47.66,47.81,46.7186042326,9415245.0,0.0,1.0
2019-07-18,46.47,48.64,46.38,48.17,47.0703862348,14577891.0,0.0,1.0
2019-07-17,46.26,46.47,45.62,46.22,45.1649003897,8459934.0,0.0,1.0
2019-07-16,46.0,46.23,45.5,46.01,44.9596942217,6671096.0,0.0,1.0
2019-07-15,46.85,47.43,45.92,46.28,45.2235307234,6723387.0,0.0,1.0
2019-07-12,45.36,46.55,45.36,46.51,45.4482803359,9030857.0,0.0,1.0
2019-07-11,45.07,45.37,44.37,45.28,44.2463584951,8128518.0,0.0,1.0
2019-07-10,44.5,45.43,44.45,44.72,43.6991420473,7184698.0,0.0,1.0
2019-07-09,43.23,44.06,42.88,43.97,42.9662628761,12432619.0,0.0,1.0
2019-07-08,43.16,43.75,43.06,43.45,42.4581333174,9733012.0,0.0,1.0
2019-07-05,44.24,44.42,43.56,43.98,42.9760345984,6618191.0,0.0,1.0
2019-07-03,44.52,44.78,44.36,44.67,43.6502834359,5559091.0,0.0,1.0
2019-07-02,45.11,45.22,44.12,44.66,43.6405117136,13869042.0,0.0,1.0
2019-07-01,46.63,47.55,45.22,45.68,44.6372273864,11475932.0,0.0,1.0
2019-06-28,45.13,45.39,44.68,44.91,43.8848047707,15599720.0,0.0,1.0
2019-06-27,43.89,44.87,43.79,44.69,43.6698268805,8894448.0,0.0,1.0
2019-06-26,43.0,43.8,42.93,43.58,42.5851657071,10023943.0,0.0,1.0
2019-06-25,42.25,42.7,41.9,41.98,41.0216901419,9637916.0,0.0,1.0
2019-06-24,42.91,42.93,42.24,42.33,41.3637004218,10997071.0,0.0,1.0
2019-06-21,42.9,43.2,42.61,42.96,41.9793189256,12096425.0,0.0,1.0
2019-06-20,43.74,43.99,43.0,43.21,42.2236119826,8633349.0,0.0,1.0
2019-06-19,42.69,42.8387,42.24,42.53,41.5591348674,9333080.0,0.0,1.0
2019-06-18,40.93,42.6,40.84,42.31,41.3441569772,11291800.0,0.0,1.0
2019-06-17,41.11,41.2,40.24,40.5,39.5754752441,12453319.0,0.0,1.0
2019-06-14,40.96,41.49,40.56,41.23,40.2888109707,7695082.0,0.0,1.0
2019-06-13,41.61,42.02,41.15,41.65,40.6992233066,6979452.0,0.0,1.0
2019-06-12,42.64,42.69,41.36,41.5,40.5526474723,10059790.0,0.0,1.0
2019-06-11,43.91,44.55,43.64,43.75,42.7512849859,10536525.0,0.0,1.0
2019-06-10,42.0,43.55,41.79,43.14,42.1552099267,9651670.0,0.0,1.0
2019-06-07,41.6,41.88,41.08,41.51,40.5624191946,6391263.0,0.0,1.0
2019-06-06,40.54,41.49,40.49,41.38,40.435386805,8101730.0,0.0,1.0
2019-06-05,40.8,41.17,40.16,40.59,39.6634207446,10143486.0,0.0,1.0
2019-06-04,39.52,40.65,39.28,40.42,39.4973014658,14138929.0,0.0,1.0
2019-06-03,38.97,39.66,38.54,38.78,37.8947390115,7795295.0,0.0,1.0
2019-05-31,39.2,39.96,38.68,38.69,37.806793511,8394926.0,0.0,1.0
2019-05-30,39.45,40.4,39.29,39.75,38.8425960729,7491657.0,0.0,1.0
2019-05-29,38.72,39.55,38.4,39.37,38.4712706262,10137127.0,0.0,1.0
2019-05-28,39.81,40.03,39.0,39.01,38.119488624,10715581.0,0.0,1.0
2019-05-24,40.27,40.4,39.45,39.5,38.5983030158,8541760.0,0.0,1.0
2019-05-23,39.65,40.08,39.15,39.94,39.0282587963,8459814.0,0.0,1.0
2019-05-22,40.75,40.88,40.15,40.49,39.5657035218,5897455.0,0.21,1.0
2019-05-21,41.18,41.36,40.82,41.27,40.1198177972,8949861.0,0.0,1.0
2019-05-20,41.8,42.76,40.22,40.35,39.2254579141,21371762.0,0.0,1.0
2019-05-17,43.35,44.36,42.57,42.7,41.5099641371,20218164.0,0.0,1.0
2019-05-16,41.3,42.19,40.96,41.66,40.4989486172,11932487.0,0.0,1.0
2019-05-15,40.41,41.86,40.11,41.5,40.3434077679,12050984.0,0.0,1.0
2019-05-14,39.53,40.39,39.4,40.01,38.8949336095,8370277.0,0.0,1.0
2019-05-13,39.26,39.64,38.67,39.09,38.0005737265,10725058.0,0.0,1.0
2019-05-10,40.82,41.19,39.79,40.8,39.6629165526,9025471.0,0.0,1.0
2019-05-09,40.77,41.19,39.85,40.94,39.7990147957,11580613.0,0.0,1.0
2019-05-08,41.7,42.2,41.26,41.58,40.4211781926,7709165.0,0.0,1.0
2019-05-07,42.26,42.42,41.2,42.05,40.8780794372,9898321.0,0.0,1.0
2019-05-06,42.41,43.15,41.79,43.11,41.9085375633,11824253.0,0.0,1.0
2019-05-03,44.03,44.15,43.61,43.96,42.7348483248,7375613.0,0.0,1.0
2019-05-02,43.18,44.25,42.86,43.7,42.4820944448,12709051.0,0.0,1.0
2019-05-01,44.04,44.67,43.38,43.38,42.1710127463,9388108.0,0.0,1.0
2019-04-30,44.15,44.58,43.72,44.07,42.8417826586,10447154.0,0.0,1.0
2019-04-29,44.57,44.91,44.2,44.24,43.0070448109,5847251.0,0.0,1.0
2019-04-26,43.6,44.71,43.33,44.66,43.4153395401,7204087.0,0.0,1.0
2019-04-25,45.16,45.75,44.3,44.45,43.2111921755,9547002.0,0.0,1.0
2019-04-24,43.91,45.64,43.88,44.46,43.2209134786,10613300.0,0.0,1.0
2019-04-23,43.8,43.99,43.4,43.83,42.6084713848,6703881.0,0.0,1.0
2019-04-22,43.86,43.98,43.27,43.79,42.5695861725,4672174.0,0.0,1.0
2019-04-18,44.01,44.27,43.79,43.95,42.7251270217,6122096.0,0.0,1.0
2019-04-17,44.35,44.53,43.57,43.89,42.6667992033,8290885.0,0.0,1.0
2019-04-16,43.1,44.15,43.05,43.72,42.5015370509,9881414.0,0.0,1.0
2019-04-15,42.75,43.13,42.33,42.71,41.5196854402,5739305.0,0.0,1.0
2019-04-12,43.0,43.36,42.77,42.99,41.7918819264,4923546.0,0.0,1.0
2019-04-11,42.43,42.94,42.29,42.47,41.2863741664,6577569.0,0.0,1.0
2019-04-10,41.91,42.34,41.73,42.17,40.9947350741,5442592.0,0.0,1.0
2019-04-09,42.55,42.6,41.66,42.01,40.8391942248,7412510.0,0.0,1.0
2019-04-08,42.93,43.01,42.11,42.92,41.7238328048,6314180.0,0.0,1.0
2019-04-05,43.0,43.39,42.69,43.04,41.8404884417,8502898.0,0.0,1.0
2019-04-04,42.07,42.83,42.02,42.62,41.4321937125,8472810.0,0.0,1.0
2019-04-03,41.66,43.01,41.62,42.43,41.2474889541,13204805.0,0.0,1.0
2019-04-02,41.0,41.22,40.61,40.99,39.847621311,8688625.0,0.0,1.0
2019-04-01,40.3,41.17,40.21,41.13,39.9837195541,11731010.0,0.0,1.0
2019-03-29,39.06,39.85,39.0,39.66,38.5546880018,9221519.0,0.0,1.0
2019-03-28,38.92,39.2,38.24,38.51,37.436738148,8298258.0,0.0,1.0
2019-03-27,39.67,39.91,38.57,38.93,37.8450328773,7737550.0,0.0,1.0
2019-03-26,39.83,40.48,39.19,39.63,38.5255240926,8138050.0,0.0,1.0
2019-03-25,39.69,40.13,39.07,39.4,38.3019341219,6710168.0,0.0,1.0
2019-03-22,41.04,41.21,39.81,39.86,38.7491140634,9468291.0,0.0,1.0
2019-03-21,39.79,41.99,39.78,41.33,40.1781456156,13135688.0,0.0,1.0
2019-03-20,40.38,40.62,39.36,39.57,38.4671962742,7772419.0,0.0,1.0
2019-03-19,40.2,40.74,40.17,40.37,39.2449005203,7134477.0,0.0,1.0
2019-03-18,40.41,40.71,39.91,40.0,38.8852123064,7670758.0,0.0,1.0
2019-03-15,39.35,41.03,39.3,40.39,39.2643431264,23021455.0,0.0,1.0
2019-03-14,38.7,39.83,38.7,38.93,37.8450328773,9491100.0,0.0,1.0
2019-03-13,38.94,39.1,38.56,38.6,37.5242298757,6404409.0,0.0,1.0
2019-03-12,38.7,39.03,38.32,38.71,37.6311642096,6267672.0,0.0,1.0
2019-03-11,37.95,38.89,37.81,38.51,37.436738148,7199520.0,0.0,1.0
2019-03-08,36.84,37.84,36.8,37.74,36.6881978111,8174435.0,0.0,1.0
2019-03-07,37.95,37.95,37.05,37.57,36.5229356588,9831733.0,0.0,1.0
2019-03-06,38.88,38.94,37.66,38.07,37.0090008127,12557776.0,0.0,1.0
2019-03-05,39.18,39.25,38.76,38.93,37.8450328773,12449142.0,0.0,1.0
2019-03-04,38.97,40.18,38.41,39.08,37.9908524234,20810690.0,0.0,1.0
2019-03-01,38.66,38.94,38.06,38.56,37.4853446634,7852887.0,0.0,1.0
2019-02-28,38.48,38.61,37.92,38.34,37.2714759957,9785071.0,0.0,1.0
2019-02-27,39.3,39.32,38.3,38.78,37.6992133311,14038518.0,0.0,1.0
2019-02-26,39.53,39.87,39.48,39.58,38.4769175772,6159319.0,0.0,1.0
2019-02-25,39.92,40.08,39.62,39.66,38.5546880018,8064793.0,0.0,1.0
2019-02-22,38.89,39.44,38.8,39.43,38.3310980311,8149656.0,0.0,1.0
2019-02-21,39.0,39.26,38.5334,38.83,37.7478198465,7178769.0,0.0,1.0
2019-02-20,39.15,39.36,38.88,39.0,37.9130819988,9575857.0,0.2,1.0
2019-02-19,39.0,39.71,39.0,39.3,38.0097990447,12353083.0,0.0,1.0
2019-02-15,40.0,40.2,38.59,39.1,37.8163649529,22396286.0,0.0,1.0
2019-02-14,40.7,41.22,40.51,40.71,39.3735093921,13938398.0,0.0,1.0
2019-02-13,40.96,41.24,40.72,40.85,39.5089132564,10134166.0,0.0,1.0
2019-02-12,40.38,40.89,40.28,40.69,39.3541659829,8911886.0,0.0,1.0
2019-02-11,39.97,40.19,39.33,39.9,38.5901013202,9969547.0,0.0,1.0
2019-02-08,39.3,39.8,38.73,39.78,38.4740408651,9891633.0,0.0,1.0
2019-02-07,39.73,40.33,39.56,39.92,38.6094447294,13395629.0,0.0,1.0
2019-02-06,39.29,40.71,39.2,40.28,38.9576260947,21058321.0,0.0,1.0
2019-02-05,38.88,39.29,38.6,39.12,37.8357083621,13240190.0,0.0,1.0
2019-02-04,39.16,39.31,38.45,38.9,37.622930861,12458413.0,0.0,1.0
2019-02-01,39.08,39.97,39.08,39.31,38.0194707493,11091030.0,0.0,1.0
2019-01-31,39.28,39.75,38.72,39.08,37.7970215437,11588866.0,0.0,1.0
2019-01-30,38.61,40.0,38.49,39.6,38.2999501824,12546186.0,0.0,1.0
2019-01-29,39.27,39.35,37.84,38.2,36.9459115396,8754569.0,0.0,1.0
2019-01-28,37.62,38.95,37.52,38.7,37.4294967692,12459608.0,0.0,1.0
2019-01-25,38.53,39.48,38.31,39.19,37.9034102942,17553661.0,0.0,1.0
2019-01-24,36.18,37.92,36.01,37.82,36.5783867652,21529913.0,0.0,1.0
2019-01-23,34.71,34.94,33.71,34.31,33.1836184535,9560203.0,0.0,1.0
2019-01-22,35.32,35.37,34.12,34.44,33.3093506132,10047367.0,0.0,1.0
2019-01-18,34.96,36.32,34.63,35.71,34.5376570963,11332673.0,0.0,1.0
2019-01-17,33.5,34.71,33.25,34.54,33.4060676591,10260695.0,0.0,1.0
2019-01-16,33.92,34.27,33.56,33.64,32.5356142459,6778947.0,0.0,1.0
2019-01-15,34.09,34.33,33.4,33.75,32.6420029964,6593914.0,0.0,1.0
2019-01-14,34.19,34.3,33.41,33.86,32.7483917469,9552417.0,0.0,1.0
2019-01-11,34.42,35.32,34.19,34.78,33.6381885693,6449679.0,0.0,1.0
2019-01-10,34.08,34.82,33.89,34.76,33.6188451601,7573577.0,0.0,1.0
2019-01-09,33.32,34.84,33.29,34.3,33.1739467489,11757089.0,0.0,1.0
2019-01-08,34.72,34.72,32.67,32.91,31.8295798107,12485267.0,0.0,1.0
2019-01-07,33.8,34.8,33.64,34.3,33.1739467489,13868845.0,0.0,1.0
2019-01-04,32.26,33.85,32.21,33.7,32.5936444734,15631771.0,0.0,1.0
2019-01-03,32.73,33.25,31.48,31.54,30.5045562817,21580709.0,0.0,1.0
2019-01-02,32.04,33.79,32.0,33.48,32.3808669724,11106343.0,0.0,1.0
2018-12-31,32.71,33.0,32.2,32.74,31.6651608327,9697064.0,0.0,1.0
2018-12-28,31.66,33.06,31.66,32.38,31.3169794674,13043225.0,0.0,1.0
2018-12-27,30.22,31.57,30.12,31.55,30.5142279863,10920213.0,0.0,1.0
2018-12-26,29.38,30.67,28.79,30.64,29.6341028684,13325637.0,0.0,1.0
2018-12-24,30.0,30.32,28.96,28.99,28.0382716108,10464918.0,0.0,1.0
2018-12-21,30.89,31.83,30.25,30.31,29.3149366169,24878449.0,0.0,1.0
2018-12-20,31.9,32.25,30.78,30.9,29.8855671878,16178261.0,0.0,1.0
2018-12-19,32.73,33.76,31.36,31.53,30.4948845771,14660018.0,0.0,1.0
2018-12-18,33.07,34.32,32.89,33.28,32.1874328806,13636650.0,0.0,1.0
2018-12-17,32.52,33.76,32.52,32.67,31.5974589005,12262149.0,0.0,1.0
2018-12-14,33.19,33.51,32.63,32.65,31.5781154913,10822900.0,0.0,1.0
2018-12-13,34.45,34.49,33.53,33.71,32.603316178,9675687.0,0.0,1.0
2018-12-12,34.59,34.99,33.95,34.2,33.077229703,11895523.0,0.0,1.0
2018-12-11,34.76,35.38,33.96,34.02,32.9031390204,13436876.0,0.0,1.0
2018-12-10,33.64,34.31,33.45,34.17,33.0482145892,10337813.0,0.0,1.0
2018-12-07,34.45,34.83,33.59,33.64,32.5356142459,15636743.0,0.0,1.0
2018-12-06,34.63,34.8762,33.98,34.69,33.551143228,17391745.0,0.0,1.0
2018-12-04,38.0,38.07,35.15,35.43,34.2668493678,21733036.0,0.0,1.0
2018-12-03,38.3,38.64,37.78,38.34,37.0813154039,14370461.0,0.0,1.0
2018-11-30,36.47,37.28,36.33,37.28,36.0561147172,13387032.0,0.0,1.0
2018-11-29,36.79,37.09,36.28,36.54,35.3404085774,7934255.0,0.0,1.0
2018-11-28,36.36,37.13,35.55,37.11,35.8916957392,12038829.0,0.0,1.0
2018-11-27,35.65,36.6,35.37,36.0,34.8181365295,11117798.0,0.0,1.0
2018-11-26,35.57,36.05,35.13,36.01,34.8278082341,11741184.0,0.0,1.0
2018-11-23,34.86,35.61,34.8,35.05,33.8993245933,5203199.0,0.0,1.0
2018-11-21,36.17,36.28,35.13,35.19,34.0347284576,11659631.0,0.2,1.0
2018-11-20,33.34,36.92,33.14,35.77,34.4001762342,25487053.0,0.0,1.0
2018-11-19,35.24,35.67,34.28,34.42,33.1018749226,15052129.0,0.0,1.0
2018-11-16,32.15,35.82,32.07,35.4,34.0443455043,28075252.0,0.0,1.0
2018-11-15,33.32,35.5,33.24,35.02,33.6788977277,15175711.0,0.0,1.0
2018-11-14,33.8,34.39,33.2,33.58,32.2940429954,9513534.0,0.0,1.0
2018-11-13,32.95,34.06,32.7,33.49,32.2074895746,11847527.0,0.0,1.0
2018-11-12,33.73,33.8,32.46,32.62,31.3708065071,10618005.0,0.0,1.0
2018-11-09,34.5,34.63,33.83,34.28,32.967236268,11136386.0,0.0,1.0
2018-11-08,34.8,35.62,34.75,34.94,33.6019613537,9029932.0,0.0,1.0
2018-11-07,35.26,35.27,34.53,35.25,33.900089803,11028834.0,0.0,1.0
2018-11-06,34.16,34.92,34.1,34.87,33.5346420264,6816354.0,0.0,1.0
2018-11-05,35.32,35.39,33.75,34.32,33.0057044551,7785301.0,0.0,1.0
2018-11-02,35.81,36.02,34.72,35.27,33.9193238966,11959729.0,0.0,1.0
2018-11-01,32.98,35.45,32.91,35.35,33.9962602706,14184187.0,0.0,1.0
2018-10-31,32.9,33.26,32.22,32.88,31.6208497227,12942914.0,0.0,1.0
2018-10-30,31.2,32.46,31.1,32.42,31.1784655721,15142342.0,0.0,1.0
2018-10-29,32.65,32.75,30.53,31.12,29.9282494942,14150426.0,0.0,1.0
2018-10-26,31.71,32.99,31.57,32.36,31.1207632915,13317229.0,0.0,1.0
2018-10-25,32.21,32.94,32.09,32.64,31.3900406006,12494844.0,0.0,1.0
2018-10-24,33.1,33.61,31.78,31.81,30.5918257201,14457683.0,0.0,1.0
2018-10-23,32.11,33.94,32.11,33.52,32.2363407148,16111616.0,0.0,1.0
2018-10-22,34.39,34.54,33.15,33.53,32.2459577616,13210064.0,0.0,1.0
2018-10-19,34.17,34.81,33.89,34.29,32.9768533148,14616465.0,0.0,1.0
2018-10-18,34.8,34.89,33.77,33.92,32.6210225849,12345718.0,0.0,1.0
2018-10-17,36.02,36.08,34.89,34.96,33.6211954472,15149171.0,0.0,1.0
2018-10-16,33.9,34.8,33.72,34.76,33.4288545122,11705458.0,0.0,1.0
2018-10-15,33.44,33.85,33.05,33.43,32.1497872941,10151015.0,0.0,1.0
2018-10-12,33.85,34.34,33.33,33.69,32.3998305096,16781796.0,0.0,1.0
2018-10-11,34.36,34.8,32.78,32.79,31.5342963019,31702133.0,0.0,1.0
2018-10-10,35.0,35.69,34.09,34.43,33.1114919693,23974649.0,0.0,1.0
2018-10-09,36.53,36.58,35.69,35.72,34.3520910004,13392674.0,0.0,1.0
2018-10-08,37.0,37.3,36.31,36.59,35.1887740679,10259517.0,0.0,1.0
2018-10-05,37.82,38.05,36.98,37.24,35.8138821068,9790160.0,0.0,1.0
2018-10-04,38.57,38.71,37.5,37.89,36.4389901457,12199141.0,0.0,1.0
2018-10-03,39.15,39.65,38.69,38.92,37.4295459613,7441693.0,0.0,1.0
2018-10-02,38.33,39.36,38.17,38.9,37.4103118678,9626512.0,0.0,1.0
2018-10-01,38.5,38.77,38.05,38.34,36.8717572496,10336989.0,0.0,1.0
2018-09-28,38.27,39.34,38.12,38.65,37.1698856989,11751213.0,0.0,1.0
2018-09-27,38.31,38.74,38.07,38.35,36.8813742964,7146395.0,0.0,1.0
2018-09-26,38.1,38.87,38.08,38.26,36.7948208756,10927959.0,0.0,1.0
2018-09-25,39.15,39.23,38.51,38.58,37.1025663717,9222511.0,0.0,1.0
2018-09-24,39.24,39.5,38.86,39.1,37.6026528028,10678815.0,0.0,1.0
2018-09-21,39.33,39.96,39.15,39.63,38.1123562807,20729489.0,0.0,1.0
2018-09-20,39.28,39.84,39.18,39.39,37.8815471586,12464240.0,0.0,1.0
2018-09-19,39.39,39.47,38.85,39.04,37.5449505223,8213411.0,0.0,1.0
2018-09-18,38.85,39.43,38.77,39.19,37.6892062236,9846287.0,0.0,1.0
2018-09-17,38.95,39.17,38.64,38.7,37.2179709327,10794457.0,0.0,1.0
2018-09-14,38.91,39.58,38.88,39.1,37.6026528028,10359178.0,0.0,1.0
2018-09-13,38.78,39.15,38.62,38.89,37.400694821,13402905.0,0.0,1.0
2018-09-12,38.13,38.76,37.39,38.39,36.9198424834,17214767.0,0.0,1.0
2018-09-11,39.14,39.46,38.51,39.18,37.6795891768,14716704.0,0.0,1.0
2018-09-10,40.1,40.28,39.4,39.6,38.0835051404,15560735.0,0.0,1.0
2018-09-07,40.0,40.4,39.63,39.85,38.3239313093,11910089.0,0.0,1.0
2018-09-06,41.98,42.2,40.24,40.27,38.7278472729,22590488.0,0.0,1.0
2018-09-05,42.3,42.58,41.92,42.5,40.8724486987,15022488.0,0.0,1.0
2018-09-04,42.84,43.0,42.05,42.62,40.9878532597,15147360.0,0.0,1.0
2018-08-31,43.12,43.3,42.83,43.02,41.3725351298,9982189.0,0.0,1.0
2018-08-30,42.9,43.5,42.89,43.14,41.4879396909,10122318.0,0.0,1.0
2018-08-29,43.31,43.38,42.86,43.1,41.4494715039,14226359.0,0.0,1.0
2018-08-28,43.23,43.64,42.95,43.4,41.7379829064,13190538.0,0.0,1.0
2018-08-27,42.96,44.2,42.75,43.75,42.0745795428,12581324.0,0.0,1.0
2018-08-24,42.84,43.06,42.52,42.73,41.093640774,8294746.0,0.0,1.0
2018-08-23,42.81,43.3,42.65,42.79,41.1513430545,9504400.0,0.0,1.0
2018-08-22,43.52,43.55,42.97,42.99,41.3436839896,11214269.0,0.2,1.0
2018-08-21,43.34,44.23,42.85,43.76,41.8893172351,15570841.0,0.0,1.0
2018-08-20,43.8,44.15,43.02,43.53,41.6691494343,15056137.0,0.0,1.0
2018-08-17,44.77,44.82,42.62,43.77,41.8988897482,52584209.0,0.0,1.0
2018-08-16,47.99,48.23,47.15,47.43,45.4024295352,13733112.0,0.0,1.0
2018-08-15,47.85,48.1,47.17,47.51,45.4790096399,10296214.0,0.0,1.0
2018-08-14,48.42,48.89,48.23,48.38,46.3118182778,6879794.0,0.0,1.0
2018-08-13,48.06,48.6,47.66,48.25,46.1873756077,6436616.0,0.0,1.0
2018-08-10,48.18,48.66,47.91,48.13,46.0725054508,8088784.0,0.0,1.0
2018-08-09,48.96,49.58,48.16,49.16,47.0584742979,9514932.0,0.0,1.0
2018-08-08,49.6,50.39,49.45,50.18,48.034870632,8459435.0,0.0,1.0
2018-08-07,49.79,49.97,49.08,49.63,47.5083824127,7530567.0,0.0,1.0
2018-08-06,49.08,49.79,48.9,49.48,47.3647947165,8555009.0,0.0,1.0
2018-08-03,48.19,48.86,47.85,48.84,46.7521538794,7032701.0,0.0,1.0
2018-08-02,47.39,48.83,47.11,48.11,46.0533604246,9371711.0,0.0,1.0
2018-08-01,48.89,48.97,47.77,47.97,45.9193452415,8326592.0,0.0,1.0
2018-07-31,48.36,49.06,48.16,48.63,46.5511311047,10816406.0,0.0,1.0
2018-07-30,48.28,48.43,47.61,47.91,45.861910163,9305429.0,0.0,1.0
2018-07-27,48.63,49.48,47.88,48.3,46.2352381731,17601085.0,0.0,1.0
2018-07-26,46.0,47.31,45.97,47.17,45.1535441952,11637455.0,0.0,1.0
2018-07-25,45.79,46.07,45.13,45.96,43.9952701126,9282833.0,0.0,1.0
2018-07-24,46.61,47.27,45.83,45.91,43.9474075472,10903345.0,0.0,1.0
2018-07-23,46.3,46.54,45.43,46.43,44.4451782273,7364275.0,0.0,1.0
2018-07-20,46.67,47.1,46.21,46.76,44.7610711589,7793579.0,0.0,1.0
2018-07-19,47.71,48.0,46.56,46.67,44.6749185412,11481075.0,0.0,1.0
2018-07-18,48.97,49.15,47.84,48.28,46.216093147,15309263.0,0.0,1.0
2018-07-17,45.95,47.46,45.95,47.3,45.2779868652,9692752.0,0.0,1.0
2018-07-16,46.04,46.66,45.96,46.31,44.3303080703,7228530.0,0.0,1.0
2018-07-13,45.59,46.23,45.5,46.13,44.1580028349,6349696.0,0.0,1.0
2018-07-12,45.34,45.89,45.34,45.68,43.7272397463,9735426.0,0.0,1.0
2018-07-11,46.05,46.22,44.98,45.2,43.2677591185,13332963.0,0.0,1.0
2018-07-10,46.53,46.92,46.26,46.74,44.7419261327,8801991.0,0.0,1.0
2018-07-09,46.26,46.65,45.52,46.52,44.531330845,9727704.0,0.0,1.0
2018-07-06,45.46,46.22,44.89,46.13,44.1580028349,11467621.0,0.0,1.0
2018-07-05,45.41,45.68,44.99,45.44,43.4974994324,8950714.0,0.0,1.0
2018-07-03,45.76,45.88,44.74,44.8,42.8848585954,7538522.0,0.0,1.0
2018-07-02,45.1,45.71,44.92,45.68,43.7272397463,11042942.0,0.0,1.0
2018-06-29,45.73,46.82,45.69,46.19,44.2154379134,15112231.0,0.0,1.0
2018-06-28,44.96,45.49,44.57,45.29,43.3539117362,13760424.0,0.0,1.0
2018-06-27,46.92,47.19,45.2,45.25,43.3156216839,14900221.0,0.0,1.0
2018-06-26,47.16,47.3,46.56,46.67,44.6749185412,14748320.0,0.0,1.0
2018-06-25,47.0,47.33,46.08,46.71,44.7132085935,14442793.0,0.0,1.0
2018-06-22,49.4,49.4,47.73,47.96,45.9097727284,13200531.0,0.0,1.0
2018-06-21,49.59,49.79,48.66,48.99,46.8957415756,13209348.0,0.0,1.0
2018-06-20,48.75,48.98,48.14,48.58,46.5032685393,9735853.0,0.0,1.0
2018-06-19,47.56,48.81,47.2,48.55,46.4745510001,13586351.0,0.0,1.0
2018-06-18,48.88,49.0,48.15,48.32,46.2543831993,13780941.0,0.0,1.0
2018-06-15,49.16,49.7,48.76,49.31,47.2020619941,23243800.0,0.0,1.0
2018-06-14,50.99,51.04,49.62,49.69,47.5658174911,16482523.0,0.0,1.0
2018-06-13,50.3,51.59,50.25,50.98,48.8006716784,17174088.0,0.0,1.0
2018-06-12,50.07,50.88,49.83,50.86,48.6858015214,17236772.0,0.0,1.0
2018-06-11,51.2,51.22,49.56,49.89,47.7572677527,18725485.0,0.0,1.0
2018-06-08,50.41,51.22,50.23,51.15,48.9634044007,9954442.0,0.0,1.0
2018-06-07,51.61,51.82,50.4,51.25,49.0591295315,16868964.0,0.0,1.0
2018-06-06,52.93,52.93,52.11,52.53,50.2844112057,10027147.0,0.0,1.0
2018-06-05,52.71,53.23,52.32,52.91,50.6481667027,13547109.0,0.0,1.0
2018-06-04,52.35,52.47,51.89,52.29,50.0546708918,9911343.0,0.0,1.0
2018-06-01,51.3,52.27,51.11,52.24,50.0068083264,11341186.0,0.0,1.0
2018-05-31,51.31,51.61,50.62,50.78,48.6092214168,16462732.0,0.0,1.0
2018-05-30,52.38,52.49,51.45,51.59,49.3845949762,13439597.0,0.0,1.0
2018-05-29,51.1,52.25,51.04,52.02,49.7962130386,16094872.0,0.0,1.0
2018-05-25,50.73,51.33,50.4,50.85,48.6762290083,12202909.0,0.0,1.0
2018-05-24,50.59,50.91,49.86,50.77,48.5996489037,10442013.0,0.0,1.0
2018-05-23,49.81,50.8,49.73,50.34,48.1880308413,15595400.0,0.2,1.0
2018-05-22,50.61,51.33,50.0,50.25,47.9115265092,15094044.0,0.0,1.0
2018-05-21,50.71,51.37,49.37,50.0,47.6731607057,20898855.0,0.0,1.0
2018-05-18,50.29,50.46,48.53,49.51,47.2059637308,51042247.0,0.0,1.0
2018-05-17,54.68,54.98,53.46,53.96,51.4488750336,20101007.0,0.0,1.0
2018-05-16,54.5,55.46,54.46,55.17,52.6025655227,10166674.0,0.0,1.0
2018-05-15,54.75,54.87,53.48,54.09,51.5728252514,12837315.0,0.0,1.0
2018-05-14,55.83,56.94,55.23,55.26,52.6883772119,12333798.0,0.0,1.0
2018-05-11,55.43,55.89,54.55,54.84,52.287922662,10897315.0,0.0,1.0
2018-05-10,54.53,55.62,54.32,55.53,52.9458122797,9880362.0,0.0,1.0
2018-05-09,53.53,54.17,53.26,54.13,51.61096378,9581362.0,0.0,1.0
2018-05-08,52.7,53.49,52.6,53.45,50.9626087944,13492941.0,0.0,1.0
2018-05-07,52.74,52.9,52.15,52.59,50.1426304302,10071105.0,0.0,1.0
2018-05-04,50.39,52.69,50.18,52.56,50.1140265338,12523268.0,0.0,1.0
2018-05-03,50.27,50.91,49.88,50.71,48.3501195877,11661534.0,0.0,1.0
2018-05-02,50.66,51.28,50.37,50.53,48.1784962092,10284964.0,0.0,1.0
2018-05-01,49.74,50.95,49.51,50.91,48.5408122305,10935468.0,0.0,1.0
2018-04-30,49.52,49.95,49.17,49.67,47.358517845,12694967.0,0.0,1.0
2018-04-27,51.04,51.39,49.24,49.4,47.1010827772,11514288.0,0.0,1.0
2018-04-26,50.01,50.66,49.55,50.49,48.1403576806,12701536.0,0.0,1.0
2018-04-25,48.76,49.47,47.74,49.14,46.8531823415,13284571.0,0.0,1.0
2018-04-24,50.71,51.05,48.18,48.72,46.4527277916,16358910.0,0.0,1.0
2018-04-23,51.53,51.74,49.93,50.18,47.8447840842,12427907.0,0.0,1.0
2018-04-20,51.08,52.04,50.68,51.09,48.7124356091,16258049.0,0.0,1.0
2018-04-19,53.68,54.18,50.8,51.19,48.8077819305,24443494.0,0.0,1.0
2018-04-18,56.0,56.4,54.57,54.73,52.1830417084,18705542.0,0.0,1.0
2018-04-17,57.2,58.4,57.17,57.86,55.1673815686,9833030.0,0.0,1.0
2018-04-16,56.44,57.24,56.18,56.87,54.2234529866,7982836.0,0.0,1.0
2018-04-13,56.88,57.06,55.69,56.07,53.4606824154,6786432.0,0.0,1.0
2018-04-12,55.3,56.67,55.16,56.43,53.8039291724,9133679.0,0.0,1.0
2018-04-11,54.49,55.91,54.35,54.95,52.3928036155,9364806.0,0.0,1.0
2018-04-10,54.61,55.26,53.8,54.8,52.2497841334,10624821.0,0.0,1.0
2018-04-09,52.98,54.98,52.8,53.02,50.5526196123,11143484.0,0.0,1.0
2018-04-06,53.26,53.87,51.92,52.34,49.9042646267,15088608.0,0.0,1.0
2018-04-05,55.87,56.21,53.86,54.29,51.7635178942,12344356.0,0.0,1.0
2018-04-04,52.29,55.76,52.29,55.56,52.9744161762,11991886.0,0.0,1.0
2018-04-03,53.52,54.44,53.01,53.98,51.4679442979,10802242.0,0.0,1.0
2018-04-02,55.27,55.53,52.42,52.89,50.4286693945,21063622.0,0.0,1.0
2018-03-29,54.6,56.61,54.19,55.61,53.0220893369,12580231.0,0.0,1.0
2018-03-28,55.0,55.43,53.73,54.06,51.544221355,16677761.0,0.0,1.0
2018-03-27,59.0,59.22,54.84,55.44,52.8600005905,16959820.0,0.0,1.0
2018-03-26,57.21,58.52,56.61,58.47,55.7489941292,14100037.0,0.0,1.0
2018-03-23,58.67,58.83,55.37,55.38,52.8027927976,18689293.0,0.0,1.0
2018-03-22,59.67,60.62,58.9,58.96,56.2161911041,14494507.0,0.0,1.0
2018-03-21,59.59,61.57,59.46,60.78,57.9514941538,16977951.0,0.0,1.0
2018-03-20,58.42,59.52,58.32,59.23,56.473626172,8163303.0,0.0,1.0
2018-03-19,58.82,59.08,57.47,58.5,55.7775980256,13292653.0,0.0,1.0
2018-03-16,60.38,60.52,59.23,59.44,56.6738534469,14375820.0,0.0,1.0
2018-03-15,60.4,61.24,59.59,60.28,57.4747625468,11754057.0,0.0,1.0
2018-03-14,59.99,60.71,59.39,60.23,57.4270893861,11847348.0,0.0,1.0
2018-03-13,61.38,62.24,59.49,59.69,56.9122192504,15449563.0,0.0,1.0
2018-03-12,61.91,62.4,60.88,60.97,58.1326521645,15598512.0,0.0,1.0
2018-03-09,59.71,61.76,59.47,61.61,58.7428686215,16809967.0,0.0,1.0
2018-03-08,59.76,59.91,59.0,59.37,56.6071110219,11739668.0,0.0,1.0
2018-03-07,59.1,60.09,58.6,59.42,56.6547841826,17284037.0,0.0,1.0
2018-03-06,58.32,60.18,58.1,59.99,57.1982582147,23269604.0,0.0,1.0
2018-03-05,57.31,58.42,57.11,57.63,54.9480850294,13326704.0,0.0,1.0
2018-03-02,55.9,58.14,55.12,58.03,55.329470315,15719349.0,0.0,1.0
2018-03-01,57.54,58.44,56.12,57.07,54.4141456295,17330221.0,0.0,1.0
2018-02-28,57.9,58.77,57.58,57.59,54.9099465008,13014321.0,0.0,1.0
2018-02-27,58.64,58.9,57.63,57.64,54.9576196615,12876903.0,0.0,1.0
2018-02-26,57.52,59.0,57.34,58.81,56.073171622,14325217.0,0.0,1.0
2018-02-23,56.59,57.13,56.31,57.01,54.3569378366,13273501.0,0.0,1.0
2018-02-22,56.49,56.98,55.81,56.07,53.4606824154,14704434.0,0.0,1.0
2018-02-21,57.0,57.34,56.08,56.13,53.5178902082,15972650.0,0.0,1.0
2018-02-20,54.74,57.36,54.35,56.66,54.0232257117,21461851.0,0.1,1.0
2018-02-16,53.8,56.09,53.67,55.03,52.3766404319,27106419.0,0.0,1.0
2018-02-15,52.16,54.0,50.58,53.99,51.3867856972,26497808.0,0.0,1.0
2018-02-14,49.4,52.12,49.15,51.96,49.4546653978,20004099.0,0.0,1.0
2018-02-13,49.26,49.65,48.5,49.55,47.1608674069,12777703.0,0.0,1.0
2018-02-12,48.96,49.88,48.41,49.5,47.1132782369,16134229.0,0.0,1.0
2018-02-09,46.84,48.5,45.13,48.08,45.7617458107,21258164.0,0.0,1.0
2018-02-08,48.98,49.15,45.74,45.75,43.5440904917,18095862.0,0.0,1.0
2018-02-07,49.87,50.58,48.67,48.69,46.342333684,14570054.0,0.0,1.0
2018-02-06,47.41,50.26,46.4,50.25,47.827115786,20726996.0,0.0,1.0
2018-02-05,49.98,51.47,48.31,48.31,45.9806559924,15857335.0,0.0,1.0
2018-02-02,52.58,52.79,50.52,50.68,48.2363826474,16381200.0,0.0,1.0
2018-02-01,53.16,54.18,52.93,53.28,50.7110194841,9459981.0,0.0,1.0
2018-01-31,53.68,54.14,52.91,53.63,51.0441436737,12855909.0,0.0,1.0
2018-01-30,54.28,54.33,53.21,53.38,50.806197824,14145314.0,0.0,1.0
2018-01-29,56.73,56.92,54.82,55.33,52.6621754515,11795230.0,0.0,1.0
2018-01-26,56.42,57.12,55.93,57.12,54.3658677352,10918953.0,0.0,1.0
2018-01-25,58.18,58.73,55.46,55.76,53.071442313,14707139.0,0.0,1.0
2018-01-24,57.32,57.42,56.36,56.88,54.1374397195,11482430.0,0.0,1.0
2018-01-23,57.88,58.18,57.18,57.79,55.0035626124,8605103.0,0.0,1.0
2018-01-22,57.47,57.53,56.87,57.46,54.6894740908,11082023.0,0.0,1.0
2018-01-19,57.7,57.72,56.22,57.4,54.6323670869,11367654.0,0.0,1.0
2018-01-18,56.75,58.63,56.68,57.4,54.6323670869,15343341.0,0.0,1.0
2018-01-17,55.71,57.52,55.47,57.34,54.5752600829,17492642.0,0.0,1.0
2018-01-16,54.82,55.4,54.01,54.5,51.8721952306,14150321.0,0.0,1.0
2018-01-12,53.24,54.0,53.08,53.45,50.8728226619,9021781.0,0.0,1.0
2018-01-11,53.47,53.53,52.62,53.2,50.6348768122,10178904.0,0.0,1.0
2018-01-10,54.09,54.11,52.56,53.3,50.7300551521,14080696.0,0.0,1.0
2018-01-09,56.17,56.18,54.04,54.86,52.2148372541,13492273.0,0.0,1.0
2018-01-08,55.01,56.45,54.97,55.92,53.2237276568,12508161.0,0.0,1.0
2018-01-05,54.65,54.91,54.22,54.6,51.9673735704,10668866.0,0.0,1.0
2018-01-04,54.5,54.94,53.98,54.29,51.6723207168,9370822.0,0.0,1.0
2018-01-03,53.54,54.28,53.19,53.98,51.3772678632,10716388.0,0.0,1.0
2018-01-02,51.68,53.06,51.22,53.04,50.4825914684,9721793.0,0.0,1.0
2017-12-29,51.82,51.94,51.06,51.12,48.6551673429,6853581.0,0.0,1.0
2017-12-28,51.89,52.15,51.5,51.72,49.2262373821,5507887.0,0.0,1.0
2017-12-27,51.34,51.83,50.97,51.68,49.1881660462,5838377.0,0.0,1.0
2017-12-26,51.22,51.43,50.42,51.05,48.588542505,7350289.0,0.0,1.0
2017-12-22,51.75,52.24,51.3,52.06,49.5498437377,7565240.0,0.0,1.0
2017-12-21,53.18,53.31,51.81,51.89,49.3880405599,9439309.0,0.0,1.0
2017-12-20,54.11,54.25,52.92,53.29,50.7205373181,9935768.0,0.0,1.0
2017-12-19,52.85,53.43,52.33,52.96,50.4064487965,10559088.0,0.0,1.0
2017-12-18,53.16,53.54,52.76,53.4,50.825233492,12977805.0,0.0,1.0
2017-12-15,51.57,52.88,51.15,52.54,50.0066997691,13432127.0,0.0,1.0
2017-12-14,51.0,51.81,50.57,51.31,48.8360061886,8867859.0,0.0,1.0
2017-12-13,50.81,51.08,50.57,50.76,48.3125253193,13717439.0,0.0,1.0
2017-12-12,51.5,51.74,50.41,50.47,48.0365081337,9452096.0,0.0,1.0
2017-12-11,51.57,52.2,50.97,51.62,49.1310590422,9500435.0,0.0,1.0
2017-12-08,53.0,53.79,51.19,51.43,48.9502201965,15058225.0,0.0,1.0
2017-12-07,51.69,52.59,51.33,52.3,49.7782717534,14226839.0,0.0,1.0
2017-12-06,49.87,51.269,49.095,51.01,48.550471169,19213428.0,0.0,1.0
2017-12-05,49.45,51.9,48.25,50.08,47.6653126082,20424891.0,0.0,1.0
2017-12-04,52.06,52.34,49.27,49.77,47.3702597546,19287195.0,0.0,1.0
2017-12-01,52.0,52.72,50.37,51.91,49.4070762279,16271762.0,0.0,1.0
2017-11-30,53.71,53.76,52.33,52.77,50.2256099508,14543342.0,0.0,1.0
2017-11-29,56.86,57.06,51.59,52.91,50.3588596266,25235049.0,0.0,1.0
2017-11-28,57.0,57.63,56.76,57.33,54.565742249,7811153.0,0.0,1.0
2017-11-27,56.92,57.33,56.27,56.94,54.1945467235,7786705.0,0.0,1.0
2017-11-24,57.85,58.13,57.67,57.91,55.1177766202,3703183.0,0.0,1.0
2017-11-22,58.94,59.0,57.5,57.68,54.8988664385,8283435.0,0.1,1.0
2017-11-21,58.0,58.86,58.0,58.8,55.8680053061,9798974.0,0.0,1.0
2017-11-20,56.66,58.2199,56.66,57.62,54.7468446554,14197449.0,0.0,1.0
2017-11-17,60.46,60.89,56.085,56.49,53.6731908119,27143170.0,0.0,1.0
2017-11-16,56.36,58.0,56.26,57.84,54.9558746072,14583281.0,0.0,1.0
2017-11-15,56.23,56.54,55.46,55.77,52.9890927877,9302232.0,0.0,1.0
2017-11-14,56.83,56.9,55.8,56.42,53.6066812818,8378534.0,0.0,1.0
2017-11-13,56.4,57.09,56.1,57.03,54.18626433,8773526.0,0.0,1.0
2017-11-10,55.65,56.51,55.31,56.36,53.5496731131,7365428.0,0.0,1.0
2017-11-09,56.48,56.58,54.8008,55.48,52.7135533058,10028210.0,0.0,1.0
2017-11-08,56.49,57.13,56.22,56.92,54.0817493541,7285351.0,0.0,1.0
2017-11-07,56.38,57.21,56.31,56.47,53.654188089,7740614.0,0.0,1.0
2017-11-06,56.69,56.72,55.7,56.33,53.5211690287,7878033.0,0.0,1.0
2017-11-03,56.29,56.55,55.92,56.55,53.7301989806,5382968.0,0.0,1.0
2017-11-02,55.72,56.38,55.11,56.26,53.4546594986,6525818.0,0.0,1.0
2017-11-01,57.0,57.3408,55.2,55.71,52.9320846191,10385911.0,0.0,1.0
2017-10-31,56.05,56.68,55.69,56.43,53.6161826432,7351579.0,0.0,1.0
2017-10-30,56.5,56.6,55.58,55.9,53.1126104865,7249715.0,0.0,1.0
2017-10-27,56.26,56.82,55.5,56.69,53.8632180408,10406593.0,0.0,1.0
2017-10-26,55.67,56.43,55.59,55.93,53.1411145709,8114320.0,0.0,1.0
2017-10-25,56.29,56.38,54.571,55.3,52.5425287997,13561322.0,0.0,1.0
2017-10-24,56.61,56.66,55.86,56.38,53.568675836,7180029.0,0.0,1.0
2017-10-23,56.49,56.73,55.8,56.37,53.5591744745,10932631.0,0.0,1.0
2017-10-20,55.84,56.235,55.73,56.09,53.293136354,10269273.0,0.0,1.0
2017-10-19,54.7,55.34,54.15,55.33,52.5710328841,7172450.0,0.0,1.0
2017-10-18,55.29,55.61,54.67,55.34,52.5805342455,9399280.0,0.0,1.0
2017-10-17,54.97,55.28,54.28,55.13,52.3810056552,10210664.0,0.0,1.0
2017-10-16,54.28,55.09,54.28,55.04,52.2954934021,9533318.0,0.0,1.0
2017-10-13,53.6,54.045,53.237,53.94,51.250343643,10114746.0,0.0,1.0
2017-10-12,53.15,54.13,53.04,53.31,50.6517578719,12565724.0,0.0,1.0
2017-10-11,52.39,53.375,52.3,53.23,50.5757469803,7212075.0,0.0,1.0
2017-10-10,53.05,53.07,51.79,52.59,49.9676598477,8203270.0,0.0,1.0
2017-10-09,52.69,53.0434,52.21,52.69,50.0626734622,8753679.0,0.0,1.0
2017-10-06,51.2,52.41,51.15,52.4,49.7871339802,8460038.0,0.0,1.0
2017-10-05,51.65,51.74,50.77,51.43,48.8655019199,9264611.0,0.0,1.0
2017-10-04,51.78,52.0,51.15,51.6,49.0270250645,7984517.0,0.0,1.0
2017-10-03,52.21,52.36,51.26,51.84,49.2550577392,11184577.0,0.0,1.0
2017-10-02,52.21,52.63,51.62,52.08,49.4830904139,15513429.0,0.0,1.0
2017-09-29,50.59,52.28,50.56,52.09,49.4925917754,20779652.0,0.0,1.0
2017-09-28,48.92,50.88,48.65,50.62,48.0958916427,21184997.0,0.0,1.0
2017-09-27,46.73,49.71,46.68,48.84,46.4046493052,20187112.0,0.0,1.0
2017-09-26,46.56,46.86,45.58,45.92,43.6302517628,10577296.0,0.0,1.0
2017-09-25,47.52,47.64,45.97,46.33,44.0198075821,11174180.0,0.0,1.0
2017-09-22,46.89,47.92,46.84,47.77,45.3880036305,5747517.0,0.0,1.0
2017-09-21,47.31,47.53,46.76,47.15,44.7989192208,7741349.0,0.0,1.0
2017-09-20,48.37,48.37,46.78,47.28,44.9224369196,10756287.0,0.0,1.0
2017-09-19,48.03,48.5,47.58,48.26,45.8535703413,9090325.0,0.0,1.0
2017-09-18,47.8,48.5272,47.74,48.05,45.654041751,11015900.0,0.0,1.0
2017-09-15,46.97,47.69,46.87,47.14,44.7894178593,13724343.0,0.0,1.0
2017-09-14,45.98,47.36,45.78,47.05,44.7039056063,12253950.0,0.0,1.0
2017-09-13,46.1,46.42,45.53,46.12,43.8202789918,7376490.0,0.0,1.0
2017-09-12,45.84,46.02,45.37,45.65,43.3737150038,6982062.0,0.0,1.0
2017-09-11,44.89,45.79,44.85,45.58,43.3072054736,8754376.0,0.0,1.0
2017-09-08,45.2,45.25,44.12,44.35,42.1385380157,8091274.0,0.0,1.0
2017-09-07,44.94,45.4,44.59,45.22,42.9651564616,8178845.0,0.0,1.0
2017-09-06,44.7,44.955,44.21,44.73,42.4995897507,12023444.0,0.0,1.0
2017-09-05,44.63,44.96,43.87,44.48,42.2620557145,9181933.0,0.0,1.0
2017-09-01,45.19,45.2964,44.76,45.1,42.8511401242,5183335.0,0.0,1.0
2017-08-31,45.43,45.47,44.84,45.12,42.8701428471,8191118.0,0.0,1.0
2017-08-30,44.0,45.49,43.99,45.47,43.2026904977,8671841.0,0.0,1.0
2017-08-29,43.02,44.19,42.933,44.02,41.824993088,6573314.0,0.0,1.0
2017-08-28,43.36,43.721,43.36,43.63,41.4544399916,5460565.0,0.0,1.0
2017-08-25,43.79,43.95,43.12,43.31,41.1503964253,6163864.0,0.0,1.0
2017-08-24,44.3,44.31,43.25,43.72,41.5399522446,8862063.0,0.0,1.0
2017-08-23,44.2,44.2,43.83,44.02,41.824993088,8339155.0,0.0,1.0
2017-08-22,43.62,44.53,43.61,44.45,42.2335516302,8473167.0,0.1,1.0
2017-08-21,44.11,44.26,43.0211,43.31,41.0580274097,13510380.0,0.0,1.0
2017-08-18,44.77,45.25,43.66,44.3,41.9965507793,20823492.0,0.0,1.0
2017-08-17,44.33,44.4,43.0,43.12,40.877906763,12725766.0,0.0,1.0
2017-08-16,44.35,44.616,43.76,44.46,42.1482313239,8385346.0,0.0,1.0
2017-08-15,43.85,44.35,43.6,43.88,41.5983893498,6060576.0,0.0,1.0
2017-08-14,43.7,44.24,43.59,43.78,41.5035890094,9645058.0,0.0,1.0
2017-08-11,42.03,43.14,41.98,43.08,40.8399866269,10041157.0,0.0,1.0
2017-08-10,43.37,43.58,41.94,42.03,39.8445830531,11071391.0,0.0,1.0
2017-08-09,43.39,44.025,43.06,43.81,41.5320291115,5488012.0,0.0,1.0
2017-08-08,44.04,44.52,43.73,43.9,41.6173494178,9201386.0,0.0,1.0
2017-08-07,42.86,44.045,42.85,43.96,41.6742296221,7569300.0,0.0,1.0
2017-08-04,42.85,43.14,42.36,42.82,40.593505742,6387474.0,0.0,1.0
2017-08-03,42.7,43.115,42.31,42.7,40.4797453335,11313324.0,0.0,1.0
2017-08-02,44.35,44.44,42.51,42.73,40.5081854356,15323332.0,0.0,1.0
2017-08-01,44.39,44.79,44.015,44.1,41.8069500986,9257230.0,0.0,1.0
2017-07-31,45.43,45.48,44.01,44.31,42.0060308133,10937127.0,0.0,1.0
2017-07-28,45.9,46.0,44.91,45.25,42.8971540127,9532585.0,0.0,1.0
2017-07-27,47.5,47.59,45.3,46.04,43.6460767015,16770403.0,0.0,1.0
2017-07-26,46.61,47.47,46.52,47.45,44.9827615006,8830550.0,0.0,1.0
2017-07-25,46.63,46.665,45.85,46.4,43.9873579268,7146665.0,0.0,1.0
2017-07-24,46.68,47.02,46.56,46.78,44.3475992202,7920475.0,0.0,1.0
2017-07-21,46.78,47.0,46.23,46.81,44.3760393223,7449663.0,0.0,1.0
2017-07-20,47.11,47.34,46.37,47.25,44.7931608199,8077850.0,0.0,1.0
2017-07-19,46.9,47.21,46.7446,47.18,44.7268005816,8299633.0,0.0,1.0
2017-07-18,46.02,46.63,45.68,46.62,44.1959186756,5604952.0,0.0,1.0
2017-07-17,46.2,46.45,45.68,46.15,43.7503570759,7518676.0,0.0,1.0
2017-07-14,45.38,46.13,45.35,46.12,43.7219169738,7710726.0,0.0,1.0
2017-07-13,45.28,45.6569,44.9915,45.3,42.9445541829,8908910.0,0.0,1.0
2017-07-12,45.68,45.98,44.84,45.28,42.9255941148,10068224.0,0.0,1.0
2017-07-11,44.21,45.5,44.04,45.4,43.0393545232,13397676.0,0.0,1.0
2017-07-10,43.6,44.5,43.51,44.21,41.911230473,10329457.0,0.0,1.0
2017-07-07,42.36,43.795,42.36,43.54,41.2760681925,10609304.0,0.0,1.0
2017-07-06,41.72,42.59,41.56,42.11,39.9204233254,11871099.0,0.0,1.0
2017-07-05,41.28,42.23,41.25,42.12,39.9299033594,10730261.0,0.0,1.0
2017-07-03,41.33,41.96,40.98,41.01,38.8776195814,6519488.0,0.0,1.0
2017-06-30,41.81,42.02,41.09,41.31,39.1620206025,9595483.0,0.0,1.0
2017-06-29,42.35,42.46,40.79,41.44,39.285261045,12070918.0,0.0,1.0
2017-06-28,41.9,42.775,41.42,42.69,40.4702652995,14181558.0,0.0,1.0
2017-06-27,43.0,43.1,41.83,41.89,39.7118625766,12682765.0,0.0,1.0
2017-06-26,44.47,44.65,42.91,43.25,41.0011472055,10840323.0,0.0,1.0
2017-06-23,43.45,44.3,43.41,44.09,41.7974700645,9728596.0,0.0,1.0
2017-06-22,43.69,43.92,43.08,43.34,41.0864675118,7021025.0,0.0,1.0
2017-06-21,43.41,43.82,43.09,43.62,41.3519084648,9350368.0,0.0,1.0
2017-06-20,44.26,44.59,43.3,43.36,41.1054275799,8815170.0,0.0,1.0
2017-06-19,43.7,44.39,43.63,44.29,41.9870707452,9469822.0,0.0,1.0
2017-06-16,43.19,43.9,43.055,43.11,40.868426729,10554355.0,0.0,1.0
2017-06-15,43.19,43.67,42.83,43.16,40.9158268992,11421667.0,0.0,1.0
2017-06-14,45.08,45.285,43.37,43.98,41.6931896901,10561446.0,0.0,1.0
2017-06-13,44.91,45.5,44.28,44.85,42.5179526513,12191638.0,0.0,1.0
2017-06-12,44.14,44.5,42.316,44.34,42.0344709154,20376467.0,0.0,1.0
2017-06-09,47.62,47.86,43.41,44.74,42.4136722769,204772.0,0.0,1.0
2017-06-08,47.4,47.47,46.93,47.43,44.9638014325,7597119.0,0.0,1.0
2017-06-07,46.7,47.34,46.62,47.26,44.8026408539,7920343.0,0.0,1.0
2017-06-06,46.57,47.21,46.48,46.57,44.1485185054,7745180.0,0.0,1.0
2017-06-05,46.63,47.24,46.51,46.72,44.290719016,6703737.0,0.0,1.0
2017-06-02,46.22,46.86,45.9,46.8,44.3665592883,9336663.0,0.0,1.0
2017-06-01,45.97,46.26,45.8,46.0,43.6081565654,7013690.0,0.0,1.0
2017-05-31,45.66,46.035,45.33,45.88,43.494396157,12273794.0,0.0,1.0
2017-05-30,45.47,45.74,45.21,45.56,43.1910350678,6430764.0,0.0,1.0
2017-05-26,44.87,45.5,44.7499,45.5,43.1341548636,6589141.0,0.0,1.0
2017-05-25,44.76,45.33,44.551,45.02,42.6791132299,8657912.0,0.0,1.0
2017-05-24,45.0,45.13,44.47,44.63,42.3093919025,7487520.0,0.0,1.0
2017-05-23,44.81,44.94,44.3,44.91,42.5748328555,8469797.0,0.1,1.0
2017-05-22,44.19,45.0,43.62,44.73,42.3099816402,12126707.0,0.0,1.0
2017-05-19,45.05,45.74,43.91,44.08,41.6951484619,22672182.0,0.0,1.0
2017-05-18,43.1,44.1,42.835,43.91,41.5343459383,19256758.0,0.0,1.0
2017-05-17,44.58,44.7,42.73,42.76,40.4465641613,19787874.0,0.0,1.0
2017-05-16,44.8,45.08,44.31,45.07,42.6315866873,13262080.0,0.0,1.0
2017-05-15,43.88,44.425,43.71,44.32,41.9221637893,11709610.0,0.0,1.0
2017-05-12,43.53,43.64,43.06,43.44,41.0897742555,9322230.0,0.0,1.0
2017-05-11,43.02,43.48,42.73,43.48,41.1276101434,10650509.0,0.0,1.0
2017-05-10,42.53,43.09,42.47,42.87,40.550612853,11421062.0,0.0,1.0
2017-05-09,41.82,42.25,41.72,42.04,39.7655181792,7874905.0,0.0,1.0
2017-05-08,41.9,41.96,41.44,41.54,39.2925695805,6319142.0,0.0,1.0
2017-05-05,41.85,41.89,41.3,41.83,39.5668797677,4732964.0,0.0,1.0
2017-05-04,41.65,41.81,41.41,41.62,39.3682413562,4976588.0,0.0,1.0
2017-05-03,41.71,41.71,41.2,41.55,39.3020285524,5636472.0,0.0,1.0
2017-05-02,41.72,41.75,41.13,41.71,39.453372104,6870215.0,0.0,1.0
2017-05-01,40.98,41.71,40.85,41.7,39.443913132,6661399.0,0.0,1.0
2017-04-28,41.1,41.33,40.58,40.61,38.4128851869,8982746.0,0.0,1.0
2017-04-27,40.96,41.82,40.94,41.33,39.093931169,8125454.0,0.0,1.0
2017-04-26,40.78,40.92,40.425,40.71,38.5074749066,5325495.0,0.0,1.0
2017-04-25,40.62,40.87,40.28,40.79,38.5831466824,7191425.0,0.0,1.0
2017-04-24,40.37,40.61,40.09,40.44,38.2520826633,6925333.0,0.0,1.0
2017-04-21,39.9,40.085,39.47,39.79,37.637249485,8762041.0,0.0,1.0
2017-04-20,39.54,39.97,39.15,39.89,37.7318392047,9402816.0,0.0,1.0
2017-04-19,39.2,39.655,39.15,39.25,37.1264649984,13394449.0,0.0,1.0
2017-04-18,37.79,38.11,37.6,38.05,35.9913883615,6047326.0,0.0,1.0
2017-04-17,37.64,38.03,37.57,38.02,35.9630114456,5242480.0,0.0,1.0
2017-04-13,37.67,38.25,37.4101,37.52,35.4900628469,5753986.0,0.0,1.0
2017-04-12,38.35,38.37,37.63,37.77,35.7265371462,6802507.0,0.0,1.0
2017-04-11,38.69,38.69,37.6,38.2,36.1332729411,10549694.0,0.0,1.0
2017-04-10,38.82,39.2,38.745,38.86,36.7575650914,7339629.0,0.0,1.0
2017-04-07,38.45,39.03,38.45,38.93,36.8237778952,6314603.0,0.0,1.0
2017-04-06,38.35,38.65,37.85,38.58,36.4927138761,7158874.0,0.0,1.0
2017-04-05,39.16,39.35,38.38,38.38,36.3035344366,6927418.0,0.0,1.0
2017-04-04,38.71,39.02,38.655,39.0,36.889990699,7241421.0,0.0,1.0
2017-04-03,38.99,39.06,38.52,38.89,36.7859420073,7165262.0,0.0,1.0
2017-03-31,38.8,39.04,38.53,38.9,36.7954009793,8567565.0,0.0,1.0
2017-03-30,38.91,39.13,38.8,38.89,36.7859420073,5997692.0,0.0,1.0
2017-03-29,38.82,38.9469,38.66,38.87,36.7670240634,6404366.0,0.0,1.0
2017-03-28,38.74,39.195,38.7099,38.82,36.7197292035,7924875.0,0.0,1.0
2017-03-27,38.45,39.0,38.295,38.86,36.7575650914,6823948.0,0.0,1.0
2017-03-24,39.38,39.68,38.74,38.97,36.8616137831,9059928.0,0.0,1.0
2017-03-23,38.84,39.1092,38.61,38.85,36.7481061194,6904579.0,0.0,1.0
2017-03-22,38.48,38.83,38.34,38.82,36.7197292035,9075725.0,0.0,1.0
2017-03-21,39.7,39.81,38.3,38.58,36.4927138761,13550141.0,0.0,1.0
2017-03-20,39.33,39.765,39.2101,39.57,37.4291521016,6916906.0,0.0,1.0
2017-03-17,39.34,39.38,39.085,39.28,37.1548419143,11023657.0,0.0,1.0
2017-03-16,39.0,39.28,38.85,39.05,36.9372855589,8305248.0,0.0,1.0
2017-03-15,38.41,38.95,38.3,38.92,36.8143189232,9405810.0,0.0,1.0
2017-03-14,38.35,38.44,37.78,38.27,36.1994857449,9646912.0,0.0,1.0
2017-03-13,38.2,38.59,38.17,38.44,36.3602882685,9111376.0,0.0,1.0
2017-03-10,37.66,38.19,37.65,38.12,36.0576011653,11486540.0,0.0,1.0
2017-03-09,37.03,37.48,37.02,37.38,35.3576372392,8494054.0,0.0,1.0
2017-03-08,37.01,37.23,36.96,37.19,35.1779167717,8052683.0,0.0,1.0
2017-03-07,36.81,37.26,36.75,36.97,34.9698193883,7841451.0,0.0,1.0
2017-03-06,36.68,36.955,36.51,36.86,34.8657706966,9219071.0,0.0,1.0
2017-03-03,36.44,36.88,36.42,36.87,34.8752296685,7257496.0,0.0,1.0
2017-03-02,36.71,36.95,36.33,36.49,34.5157887335,7854762.0,0.0,1.0
2017-03-01,36.52,36.93,36.5,36.85,34.8563117246,7298251.0,0.0,1.0
2017-02-28,36.33,36.44,36.1029,36.22,34.2603964902,8585589.0,0.0,1.0
2017-02-27,36.47,36.5,36.1,36.43,34.4590349017,6491371.0,0.0,1.0
2017-02-24,35.81,36.32,35.55,36.3,34.336068266,7505777.0,0.0,1.0
2017-02-23,36.56,36.66,35.9,36.16,34.2036426584,7852525.0,0.0,1.0
2017-02-22,36.45,36.67,36.21,36.51,34.5347066775,10380015.0,0.0,1.0
2017-02-21,35.515,36.82,35.515,36.58,34.6009194813,13814798.0,0.0,1.0
2017-02-17,34.97,35.8,34.72,35.67,33.7401530317,14892760.0,0.1,1.0
2017-02-16,35.62,35.65,34.58,35.18,33.1836338735,21684867.0,0.0,1.0
2017-02-15,35.46,35.735,35.261,35.49,33.4760422447,17409981.0,0.0,1.0
2017-02-14,35.5,35.55,35.12,35.23,33.230796514,9956599.0,0.0,1.0
2017-02-13,35.72,35.8295,35.37,35.46,33.4477446604,11900268.0,0.0,1.0
2017-02-10,35.64,35.64,35.09,35.32,33.3156892669,11636382.0,0.0,1.0
2017-02-09,35.75,35.85,35.38,35.41,33.4005820199,6515495.0,0.0,1.0
2017-02-08,35.8,35.8,35.1799,35.6,33.5798000539,8735864.0,0.0,1.0
2017-02-07,35.38,35.64,35.07,35.54,33.5232048852,8155222.0,0.0,1.0
2017-02-06,35.32,35.39,35.01,35.18,33.1836338735,5877077.0,0.0,1.0
2017-02-03,34.98,35.39,34.98,35.31,33.3062567388,8560301.0,0.0,1.0
2017-02-02,34.97,35.03,34.64,34.94,32.9572531989,7517981.0,0.0,1.0
2017-02-01,34.59,35.05,34.5,35.03,33.0421459519,15244891.0,0.0,1.0
2017-01-31,34.14,34.315,33.93,34.25,32.3064087597,9468804.0,0.0,1.0
2017-01-30,34.79,34.83,33.77,34.34,32.3913015126,11183818.0,0.0,1.0
2017-01-27,34.26,35.15,34.22,35.04,33.05157848,11055855.0,0.0,1.0
2017-01-26,34.42,34.47,33.85,33.98,32.0517305009,9375456.0,0.0,1.0
2017-01-25,34.3,34.83,34.22,34.42,32.4667617375,12230219.0,0.0,1.0
2017-01-24,33.89,34.21,33.88,34.03,32.0988931414,9702805.0,0.0,1.0
2017-01-23,33.76,34.1999,33.56,33.75,31.8347823544,7254438.0,0.0,1.0
2017-01-20,33.92,34.18,33.765,33.84,31.9196751074,8571730.0,0.0,1.0
2017-01-19,33.7,34.13,33.67,33.75,31.8347823544,8333520.0,0.0,1.0
2017-01-18,33.68,34.0,33.53,33.69,31.7781871858,10609448.0,0.0,1.0
2017-01-17,33.79,33.83,33.09,33.3,31.4103185897,6428559.0,0.0,1.0
2017-01-13,33.32,33.895,33.3,33.79,31.8725124669,6911166.0,0.0,1.0
2017-01-12,33.25,33.3399,32.6,33.31,31.4197511178,6484120.0,0.0,1.0
2017-01-11,33.21,33.48,32.8,33.47,31.5706715675,10620118.0,0.0,1.0
2017-01-10,32.87,33.2,32.74,33.13,31.2499656119,8753286.0,0.0,1.0
2017-01-09,32.27,33.07,32.21,32.78,30.9198271283,9271782.0,0.0,1.0
2017-01-06,32.04,32.23,31.86,32.04,30.2218200485,7063604.0,0.0,1.0
2017-01-05,32.3,32.4,31.91,32.1,30.2784152171,7290175.0,0.0,1.0
2017-01-04,32.09,32.51,32.06,32.24,30.4104706106,9460624.0,0.0,1.0
2017-01-03,32.36,32.71,31.66,31.94,30.1274947674,13209441.0,0.0,1.0
2016-12-30,32.86,32.91,32.18,32.27,30.4387681949,5887732.0,0.0,1.0
2016-12-29,32.8,32.99,32.48,32.66,30.806636791,4472486.0,0.0,1.0
2016-12-28,33.55,33.68,32.88,32.9,31.0330174655,5388563.0,0.0,1.0
2016-12-27,33.15,33.46,33.1,33.33,31.438616174,5008470.0,0.0,1.0
2016-12-23,32.92,33.0,32.66,32.9,31.0330174655,4028103.0,0.0,1.0
2016-12-22,32.95,33.62,32.86,33.01,31.1367752747,9492894.0,0.0,1.0
2016-12-21,32.5,32.99,32.5,32.58,30.7311765662,6521240.0,0.0,1.0
2016-12-20,32.75,32.91,32.35,32.61,30.7594741505,8185615.0,0.0,1.0
2016-12-19,32.25,32.76,32.25,32.44,30.5991211727,10385088.0,0.0,1.0
2016-12-16,33.4,33.4,32.42,32.51,30.6651488694,13336491.0,0.0,1.0
2016-12-15,32.34,33.1,31.96,33.06,31.1839379152,11742550.0,0.0,1.0
2016-12-14,31.93,32.36,31.87,32.14,30.3161453295,10482847.0,0.0,1.0
2016-12-13,32.04,32.37,31.95,32.03,30.2123875204,6321986.0,0.0,1.0
2016-12-12,32.18,32.3175,31.6734,32.0,30.1840899361,7709169.0,0.0,1.0
2016-12-09,32.78,32.828,31.91,32.35,30.5142284197,10774375.0,0.0,1.0
2016-12-08,32.78,32.925,32.4501,32.71,30.8537994315,10131405.0,0.0,1.0
2016-12-07,31.8,32.65,31.29,32.51,30.6651488694,12588974.0,0.0,1.0
2016-12-06,31.71,31.83,31.21,31.61,29.81622134,10087976.0,0.0,1.0
2016-12-05,31.7,31.835,31.34,31.53,29.7407611151,13035877.0,0.0,1.0
2016-12-02,30.2,31.45,30.06,31.44,29.6558683622,15229645.0,0.0,1.0
2016-12-01,32.14,32.18,29.85,30.1,28.3919095961,25173904.0,0.0,1.0
2016-11-30,32.16,32.54,32.05,32.2,30.3727404982,14878917.0,0.0,1.0
2016-11-29,31.67,32.35,31.57,32.16,30.3350103857,8982904.0,0.0,1.0
2016-11-28,31.84,32.16,31.62,31.84,30.0331694864,8412891.0,0.0,1.0
2016-11-25,31.71,31.97,31.44,31.88,30.0708995988,4703898.0,0.0,1.0
2016-11-23,31.64,31.95,31.505,31.88,30.0708995988,9876745.0,0.0,1.0
2016-11-22,31.53,31.8,31.35,31.67,29.8728165086,8955598.0,0.1,1.0
2016-11-21,30.88,31.45,30.84,31.35,29.4778973102,13076803.0,0.0,1.0
2016-11-18,30.47,31.25,30.3511,30.74,28.9043241887,23958862.0,0.0,1.0
2016-11-17,30.39,30.8463,30.0,30.73,28.8949213506,19147636.0,0.0,1.0
2016-11-16,30.0,30.3,29.54,30.02,28.2273198485,16103223.0,0.0,1.0
2016-11-15,29.31,29.64,29.1,29.61,27.8418034882,12678706.0,0.0,1.0
2016-11-14,29.4,29.5,28.93,28.99,27.2588275286,12293754.0,0.0,1.0
2016-11-11,28.5,28.84,28.24,28.82,27.0989792816,12748367.0,0.0,1.0
2016-11-10,29.21,29.9,28.1,28.18,26.497197646,14796754.0,0.0,1.0
2016-11-09,29.33,29.33,28.36,29.13,27.3904672614,12558628.0,0.0,1.0
2016-11-08,29.34,29.67,29.11,29.51,27.7477751076,7395779.0,0.0,1.0
2016-11-07,28.67,29.35,28.63,29.33,27.5785240226,12024855.0,0.0,1.0
2016-11-04,28.05,28.64,28.02,28.22,26.5348089982,8665773.0,0.0,1.0
2016-11-03,28.52,28.59,28.12,28.27,26.5818231885,12013760.0,0.0,1.0
2016-11-02,28.74,29.0875,28.47,28.59,26.8827140063,9944303.0,0.0,1.0
2016-11-01,29.11,29.23,28.51,28.9,27.1742019861,10437813.0,0.0,1.0
2016-10-31,28.73,29.165,28.71,29.08,27.3434530711,10929238.0,0.0,1.0
2016-10-28,28.96,29.175,28.57,28.66,26.9485338727,11541636.0,0.0,1.0
2016-10-27,29.07,29.3,28.67,28.86,27.1365906339,9128007.0,0.0,1.0
2016-10-26,28.71,29.02,28.6181,28.85,27.1271877958,7343464.0,0.0,1.0
2016-10-25,29.08,29.3,28.75,28.86,27.1365906339,9773198.0,0.0,1.0
2016-10-24,28.71,29.16,28.65,29.15,27.4092729375,12300692.0,0.0,1.0
2016-10-21,28.26,28.56,28.05,28.43,26.7322685974,9875721.0,0.0,1.0
2016-10-20,28.22,28.45,28.02,28.38,26.6852544071,12119108.0,0.0,1.0
2016-10-19,27.98,28.43,27.95,28.32,26.6288373788,11794033.0,0.0,1.0
2016-10-18,28.24,28.34,27.955,28.02,26.346752237,11970776.0,0.0,1.0
2016-10-17,28.65,28.65,27.74,27.8,26.1398897998,11038569.0,0.0,1.0
2016-10-14,27.95,28.405,27.82,28.07,26.3937664273,12138271.0,0.0,1.0
2016-10-13,28.25,28.26,27.56,27.86,26.1963068281,16963790.0,0.0,1.0
2016-10-12,28.66,28.8,28.26,28.64,26.9297281966,11687678.0,0.0,1.0
2016-10-11,29.37,29.39,28.305,28.64,26.9297281966,20018667.0,0.0,1.0
2016-10-10,29.97,30.0,29.35,29.38,27.6255382129,10270686.0,0.0,1.0
2016-10-07,29.83,29.91,29.475,29.75,27.973443221,11641487.0,0.0,1.0
2016-10-06,30.05,30.0698,29.44,29.89,28.1050829538,13015401.0,0.0,1.0
2016-10-05,29.74,30.175,29.59,29.94,28.1520971441,7940018.0,0.0,1.0
2016-10-04,29.9,30.13,29.52,29.61,27.8418034882,8483142.0,0.0,1.0
2016-10-03,30.18,30.4,29.8,29.92,28.133291468,9867563.0,0.0,1.0
2016-09-30,29.68,30.21,29.66,30.15,28.3495567433,13210894.0,0.0,1.0
2016-09-29,29.66,29.82,29.3,29.58,27.813594974,11533967.0,0.0,1.0
2016-09-28,29.73,29.98,29.47,29.74,27.9640403829,14034816.0,0.0,1.0
2016-09-27,29.35,29.759,29.26,29.64,27.8700120024,17381889.0,0.0,1.0
2016-09-26,29.49,29.62,29.2236,29.35,27.5973296987,12610260.0,0.0,1.0
2016-09-23,30.33,30.42,29.61,29.66,27.8888176785,13971788.0,0.0,1.0
2016-09-22,30.76,31.07,30.17,30.29,28.4811964761,15660404.0,0.0,1.0
2016-09-21,30.43,30.67,30.0,30.57,28.7444759417,21288337.0,0.0,1.0
2016-09-20,30.6,30.709,30.19,30.39,28.5752248567,13183700.0,0.0,1.0
2016-09-19,30.44,30.78,30.27,30.3,28.4905993141,13655492.0,0.0,1.0
2016-09-16,30.38,30.44,29.89,30.05,28.2555283627,16245771.0,0.0,1.0
2016-09-15,29.58,30.385,29.52,30.15,28.3495567433,15579797.0,0.0,1.0
2016-09-14,29.38,29.5,29.27,29.43,27.6725524031,12259396.0,0.0,1.0
2016-09-13,29.29,29.62,29.085,29.38,27.6255382129,13010389.0,0.0,1.0
2016-09-12,28.64,29.77,28.53,29.59,27.8229978121,16269116.0,0.0,1.0
2016-09-09,29.5,29.65,28.67,28.86,27.1365906339,14681876.0,0.0,1.0
2016-09-08,29.86,29.965,29.64,29.79,28.0110545732,8170398.0,0.0,1.0
2016-09-07,30.03,30.25,29.87,29.91,28.1238886299,11248833.0,0.0,1.0
2016-09-06,30.04,30.22,29.79,29.98,28.1897084963,14689448.0,0.0,1.0
2016-09-02,30.39,30.41,29.82,30.02,28.2273198485,11528135.0,0.0,1.0
2016-09-01,29.94,30.29,29.825,30.29,28.4811964761,10705194.0,0.0,1.0
2016-08-31,29.89,29.91,29.55,29.84,28.0580687635,10595677.0,0.0,1.0
2016-08-30,30.19,30.2,29.7,29.99,28.1991113344,12069319.0,0.0,1.0
2016-08-29,29.92,30.27,29.6,30.05,28.2555283627,9799140.0,0.0,1.0
2016-08-26,29.78,30.155,29.7,29.97,28.1803056582,12175151.0,0.0,1.0
2016-08-25,29.63,29.96,29.59,29.65,27.8794148404,10441738.0,0.0,1.0
2016-08-24,29.95,30.0,29.61,29.7,27.9264290307,12402095.0,0.0,1.0
2016-08-23,29.25,30.15,29.2,29.95,28.1614999821,23549505.0,0.1,1.0
2016-08-22,29.5,29.53,28.87,29.15,27.3180607148,29150820.0,0.0,1.0
2016-08-19,28.985,29.74,28.64,29.64,27.7772665381,53885959.0,0.0,1.0
2016-08-18,27.6,27.71,27.256,27.68,25.9404432448,20765004.0,0.0,1.0
2016-08-17,27.43,27.43,27.0,27.29,25.5749528956,10255330.0,0.0,1.0
2016-08-16,27.43,27.5224,27.21,27.22,25.5093520637,6704672.0,0.0,1.0
2016-08-15,27.4,27.75,27.35,27.47,25.7436407491,10768461.0,0.0,1.0
2016-08-12,26.86,27.22,26.86,27.18,25.471865874,9852879.0,0.0,1.0
2016-08-11,26.56,26.99,26.4111,26.82,25.1344901671,7599083.0,0.0,1.0
2016-08-10,26.8,26.86,26.37,26.41,24.7502567231,6234346.0,0.0,1.0
2016-08-09,26.95,26.95,26.71,26.79,25.1063755248,6923710.0,0.0,1.0
2016-08-08,26.85,26.92,26.72,26.83,25.1438617145,5746138.0,0.0,1.0
2016-08-05,26.5,26.87,26.38,26.81,25.1251186197,6914596.0,0.0,1.0
2016-08-04,26.2,26.37,26.14,26.37,24.7127705334,4926186.0,0.0,1.0
2016-08-03,25.9,26.22,25.86,26.2,24.5534542274,5615640.0,0.0,1.0
2016-08-02,26.23,26.25,25.68,25.97,24.3379086368,10462246.0,0.0,1.0
2016-08-01,26.41,26.46,26.19,26.27,24.6190550593,6456670.0,0.0,1.0
2016-07-29,26.58,26.68,26.16,26.29,24.6377981541,8805576.0,0.0,1.0
2016-07-28,26.82,26.95,26.58,26.62,24.9470592188,8239113.0,0.0,1.0
2016-07-27,26.88,27.1125,26.62,26.9,25.2094625464,10220850.0,0.0,1.0
2016-07-26,26.66,26.83,26.46,26.81,25.1251186197,11876967.0,0.0,1.0
2016-07-25,26.44,26.579,26.25,26.49,24.8252291024,6859553.0,0.0,1.0
2016-07-22,26.39,26.41,26.08,26.37,24.7127705334,5292082.0,0.0,1.0
2016-07-21,26.61,26.66,26.06,26.23,24.5815688696,14638512.0,0.0,1.0
2016-07-20,26.57,26.765,26.42,26.65,24.975173861,9809520.0,0.0,1.0
2016-07-19,26.5,26.82,26.32,26.39,24.7315136282,15996681.0,0.0,1.0
2016-07-18,26.53,26.64,26.36,26.6,24.928316124,13472967.0,0.0,1.0
2016-07-15,26.15,26.34,25.95,26.34,24.6846558912,11635444.0,0.0,1.0
2016-07-14,26.08,26.24,25.74,26.1,24.4597387532,14888635.0,0.0,1.0
2016-07-13,25.49,25.97,25.42,25.91,24.2816793523,15989732.0,0.0,1.0
2016-07-12,25.32,25.46,25.13,25.41,23.8131019816,10622966.0,0.0,1.0
2016-07-11,25.0,25.3,24.998,25.15,23.5694417488,11026227.0,0.0,1.0
2016-07-08,24.5,24.97,24.43,24.93,23.3632677056,14148112.0,0.0,1.0
2016-07-07,24.02,24.46,24.0,24.29,22.7634886711,10056914.0,0.0,1.0
2016-07-06,23.62,24.02,23.52,24.0,22.491713796,9625834.0,0.0,1.0
2016-07-05,23.75,23.87,23.49,23.84,22.3417690374,8747113.0,0.0,1.0
2016-07-01,23.77,24.02,23.74,23.89,22.3886267745,8592957.0,0.0,1.0
2016-06-30,23.71,23.98,23.465,23.97,22.4635991538,10256713.0,0.0,1.0
2016-06-29,23.25,23.71,23.18,23.56,22.0793657098,13315337.0,0.0,1.0
2016-06-28,22.75,22.97,22.56,22.94,21.4983297701,13573757.0,0.0,1.0
2016-06-27,23.04,23.17,22.17,22.29,20.8891791881,20469065.0,0.0,1.0
2016-06-24,23.5,23.96,23.145,23.23,21.7701046451,35722847.0,0.0,1.0
2016-06-23,24.34,24.53,24.13,24.52,22.9790342616,10942852.0,0.0,1.0
2016-06-22,23.83,24.27,23.78,23.97,22.4635991538,11645677.0,0.0,1.0
2016-06-21,23.69,23.92,23.64,23.83,22.33239749,7720110.0,0.0,1.0
2016-06-20,23.87,23.96,23.63,23.63,22.1449665417,13020721.0,0.0,1.0
2016-06-17,23.65,23.65,23.36,23.43,21.9575355934,22138510.0,0.0,1.0
2016-06-16,23.52,23.745,23.32,23.69,22.2011958262,12827761.0,0.0,1.0
2016-06-15,23.84,23.95,23.52,23.7,22.2105673736,13912714.0,0.0,1.0
2016-06-14,23.72,23.88,23.46,23.74,22.2480535633,14600478.0,0.0,1.0
2016-06-13,23.98,24.15,23.85,23.94,22.4354845116,11253046.0,0.0,1.0
2016-06-10,24.4,24.45,23.96,24.07,22.557314628,12630169.0,0.0,1.0
2016-06-09,24.03,24.46,23.91,24.42,22.8853187875,11920923.0,0.0,1.0
2016-06-08,24.2,24.3,24.09,24.23,22.7072593866,8014917.0,0.0,1.0
2016-06-07,24.31,24.36,24.11,24.17,22.6510301021,10476123.0,0.0,1.0
2016-06-06,24.42,24.53,24.095,24.17,22.6510301021,13550487.0,0.0,1.0
2016-06-03,24.41,24.47,24.11,24.39,22.8572041452,16194520.0,0.0,1.0
2016-06-02,24.5,24.65,24.44,24.52,22.9790342616,18034782.0,0.0,1.0
2016-06-01,24.3,24.48,24.23,24.38,22.8478325978,10480933.0,0.0,1.0
2016-05-31,24.32,24.465,24.1,24.42,22.8853187875,18801418.0,0.0,1.0
2016-05-27,23.86,24.58,23.8,24.44,22.9040618823,18555575.0,0.0,1.0
2016-05-26,23.67,23.87,23.6,23.73,22.2386820158,12330459.0,0.0,1.0
2016-05-25,23.79,23.88,23.3842,23.66,22.1730811839,14755355.0,0.0,1.0
2016-05-24,22.93,23.49,22.92,23.49,22.0137648779,19040312.0,0.1,1.0
2016-05-23,22.88,23.02,22.77,22.9,21.3698692541,24854316.0,0.0,1.0
2016-05-20,21.72,22.7775,21.7,22.66,21.1459055588,53384957.0,0.0,1.0
2016-05-19,19.79,20.04,19.72,19.91,18.5796548842,14193312.0,0.0,1.0
2016-05-18,19.64,20.1,19.59,19.92,18.5889867048,10024955.0,0.0,1.0
2016-05-17,19.8,19.98,19.59,19.64,18.3276957271,7844915.0,0.0,1.0
2016-05-16,19.54,19.98,19.54,19.85,18.5236639604,7795882.0,0.0,1.0
2016-05-13,19.58,19.715,19.5211,19.61,18.2997002652,10177818.0,0.0,1.0
2016-05-12,20.14,20.18,19.46,19.63,18.3183639064,11787895.0,0.0,1.0
2016-05-11,19.89,20.16,19.84,20.01,18.6729730906,20502448.0,0.0,1.0
2016-05-10,19.9,20.0,19.79,19.98,18.6449776287,11661722.0,0.0,1.0
2016-05-09,19.87,20.009,19.8,19.89,18.5609912429,5616437.0,0.0,1.0
2016-05-06,19.75,19.9,19.63,19.87,18.5423276017,7069070.0,0.0,1.0
2016-05-05,19.89,19.975,19.7,19.85,18.5236639604,9268094.0,0.0,1.0
2016-05-04,20.0,20.02,19.71,19.85,18.5236639604,12115063.0,0.0,1.0
2016-05-03,20.11,20.34,19.98,20.1,18.7569594763,16630824.0,0.0,1.0
2016-05-02,20.5,20.65,20.3,20.31,18.9529277096,11773450.0,0.0,1.0
2016-04-29,20.65,20.67,20.1738,20.47,19.1022368398,14884513.0,0.0,1.0
2016-04-28,21.26,21.29,20.72,20.81,19.4195187414,10876426.0,0.0,1.0
2016-04-27,21.25,21.515,21.17,21.42,19.9887598001,9512579.0,0.0,1.0
2016-04-26,21.12,21.45,21.0,21.27,19.8487824906,9230905.0,0.0,1.0
2016-04-25,21.02,21.13,20.87,20.94,19.5408324096,6772343.0,0.0,1.0
2016-04-22,20.94,21.26,20.87,21.1,19.6901415398,9139325.0,0.0,1.0
2016-04-21,21.09,21.24,20.85,20.945,19.5454983199,8925869.0,0.0,1.0
2016-04-20,21.13,21.32,20.97,21.14,19.7274688223,13616651.0,0.0,1.0
2016-04-19,21.38,21.515,21.17,21.2,19.7834597461,12243030.0,0.0,1.0
2016-04-18,21.4,21.67,21.26,21.56,20.119405289,9351868.0,0.0,1.0
2016-04-15,21.47,21.505,21.29,21.47,20.0354189033,12349887.0,0.0,1.0
2016-04-14,21.33,21.52,20.72,21.48,20.0447507239,18154170.0,0.0,1.0
2016-04-13,20.96,21.38,20.95,21.31,19.8861097731,8393588.0,0.0,1.0
2016-04-12,21.03,21.04,20.77,20.93,19.531500589,8306083.0,0.0,1.0
2016-04-11,20.95,21.17,20.92,20.94,19.5408324096,13809982.0,0.0,1.0
2016-04-08,21.04,21.225,20.7,20.79,19.4008551001,8668112.0,0.0,1.0
2016-04-07,20.9,20.99,20.6822,20.8,19.4101869207,9180765.0,0.0,1.0
2016-04-06,20.77,21.12,20.72,21.06,19.6528142572,8766800.0,0.0,1.0
2016-04-05,21.0,21.13,20.88,20.95,19.5501642303,8911608.0,0.0,1.0
2016-04-04,21.35,21.46,21.14,21.17,19.7554642842,7935324.0,0.0,1.0
2016-04-01,20.99,21.42,20.89,21.42,19.9887598001,11886704.0,0.0,1.0
2016-03-31,20.91,21.41,20.89,21.18,19.7647961049,14526487.0,0.0,1.0
2016-03-30,20.81,21.2,20.81,21.04,19.634150616,12446156.0,0.0,1.0
2016-03-29,20.12,20.675,20.04,20.59,19.2142186874,7850893.0,0.0,1.0
2016-03-28,20.22,20.32,20.15,20.2,18.8502776826,5424261.0,0.0,1.0
2016-03-24,20.28,20.32,19.71,20.15,18.8036185795,14108546.0,0.0,1.0
2016-03-23,20.68,20.76,20.2,20.28,18.9249322477,12699150.0,0.0,1.0
2016-03-22,20.63,20.875,20.5,20.78,19.3915232795,7568593.0,0.0,1.0
2016-03-21,20.46,20.9,20.35,20.73,19.3448641763,13961016.0,0.0,1.0
2016-03-18,20.35,20.53,20.155,20.49,19.120900481,19742301.0,0.0,1.0
2016-03-17,19.87,20.435,19.87,20.28,18.9249322477,13491109.0,0.0,1.0
2016-03-16,19.91,20.14,19.83,20.05,18.7103003731,14361029.0,0.0,1.0
2016-03-15,19.81,19.94,19.77,19.9,18.5703230636,10204257.0,0.0,1.0
2016-03-14,19.98,20.1,19.84,19.91,18.5796548842,11496355.0,0.0,1.0
2016-03-11,19.7,20.1,19.6,20.035,18.6963026422,15394447.0,0.0,1.0
2016-03-10,19.34,19.64,19.2,19.57,18.2623729826,15402073.0,0.0,1.0
2016-03-09,19.01,19.28,18.94,19.17,17.8891001572,10108295.0,0.0,1.0
2016-03-08,19.26,19.41,18.76,18.78,17.5251591525,12363388.0,0.0,1.0
2016-03-07,19.21,19.5,19.19,19.44,18.1410593144,9204121.0,0.0,1.0
2016-03-04,19.55,19.55,19.27,19.39,18.0944002112,8932573.0,0.0,1.0
2016-03-03,19.4,19.55,19.31,19.45,18.150391135,8138339.0,0.0,1.0
2016-03-02,19.15,19.51,19.1,19.49,18.1877184175,11373277.0,0.0,1.0
2016-03-01,19.09,19.38,18.99,19.37,18.0757365699,10150546.0,0.0,1.0
2016-02-29,18.98,19.23,18.87,18.87,17.6091455382,9630518.0,0.0,1.0
2016-02-26,19.0,19.015,18.81,19.0,17.7304592064,10634351.0,0.0,1.0
2016-02-25,18.76,18.95,18.58,18.89,17.6278091794,10102043.0,0.0,1.0
2016-02-24,18.28,18.72,18.09,18.69,17.4411727667,10670974.0,0.0,1.0
2016-02-23,18.48,18.725,18.4172,18.51,17.2731999953,12056293.0,0.1,1.0
2016-02-22,18.7,18.82,18.45,18.59,17.2546366423,15303385.0,0.0,1.0
2016-02-19,18.5,18.845,18.23,18.38,17.0597214355,35168210.0,0.0,1.0
2016-02-18,17.17,17.29,17.03,17.17,15.9366385771,12865473.0,0.0,1.0
2016-02-17,16.89,17.27,16.78,17.14,15.9087935475,11855614.0,0.0,1.0
2016-02-16,16.15,16.985,16.15,16.72,15.5189631339,22150126.0,0.0,1.0
2016-02-12,15.8,16.14,15.5,16.06,14.9063724839,8707219.0,0.0,1.0
2016-02-11,15.72,15.94,15.44,15.64,14.5165420702,11210364.0,0.0,1.0
2016-02-10,16.19,16.3,15.95,15.99,14.8414007483,13051609.0,0.0,1.0
2016-02-09,15.98,16.35,15.62,16.1,14.9434991899,13838916.0,0.0,1.0
2016-02-08,16.56,16.57,15.865,16.19,15.0270342786,15377250.0,0.0,1.0
2016-02-05,17.42,17.505,16.691,16.81,15.6024982225,16145172.0,0.0,1.0
2016-02-04,17.34,17.77,17.255,17.58,16.3171873142,13648091.0,0.0,1.0
2016-02-03,17.42,17.43,16.88,17.29,16.0480186953,9221594.0,0.0,1.0
2016-02-02,17.4,17.435,16.99,17.05,15.8252584589,11379629.0,0.0,1.0
2016-02-01,17.45,17.815,17.4,17.65,16.3821590498,8861090.0,0.0,1.0
2016-01-29,16.83,17.69,16.83,17.65,16.3821590498,18896716.0,0.0,1.0
2016-01-28,17.23,17.58,16.67,16.68,15.4818364278,17497162.0,0.0,1.0
2016-01-27,17.3,17.52,16.98,17.09,15.862385165,12590163.0,0.0,1.0
2016-01-26,17.05,17.48,17.0,17.35,16.1037087544,15786662.0,0.0,1.0
2016-01-25,17.0,17.16,16.9,16.91,15.6953149877,9212120.0,0.0,1.0
2016-01-22,17.18,17.36,16.86,17.05,15.8252584589,14021266.0,0.0,1.0
2016-01-21,16.55,17.1,16.26,16.81,15.6024982225,17693105.0,0.0,1.0
2016-01-20,16.32,16.59,15.96,16.37,15.1941044559,27857802.0,0.0,1.0
2016-01-19,16.36,16.76,16.315,16.45,15.268357868,21473665.0,0.0,1.0
2016-01-15,15.95,16.42,15.85,16.08,14.9249358369,25362664.0,0.0,1.0
2016-01-14,16.36,17.03,16.205,16.81,15.6024982225,20913236.0,0.0,1.0
2016-01-13,16.92,17.105,16.02,16.2,15.0363159551,26701113.0,0.0,1.0
2016-01-12,16.93,17.2,16.57,16.75,15.5468081634,13943707.0,0.0,1.0
2016-01-11,16.98,17.05,16.4,16.68,15.4818364278,23412740.0,0.0,1.0
2016-01-08,17.23,17.255,16.52,16.79,15.5839348695,30972785.0,0.0,1.0
2016-01-07,17.3,17.61,17.02,17.21,15.9737652832,17003235.0,0.0,1.0
2016-01-06,18.17,18.23,17.24,17.73,16.456412462,28687169.0,0.0,1.0
2016-01-05,18.47,18.625,18.29,18.49,17.1618198771,9442776.0,0.0,1.0
2016-01-04,18.31,18.47,18.205,18.47,17.1432565241,13331704.0,0.0,1.0
2015-12-31,18.94,18.96,18.67,18.67,17.3288900544,8685066.0,0.0,1.0
2015-12-30,19.09,19.35,18.94,18.96,17.5980586734,6435422.0,0.0,1.0
2015-12-29,19.01,19.41,19.01,19.26,17.8765089688,10880449.0,0.0,1.0
2015-12-28,19.18,19.24,18.75,19.0,17.6351853794,8102287.0,0.0,1.0
2015-12-24,19.08,19.19,19.02,19.11,17.7372838211,3215265.0,0.0,1.0
2015-12-23,18.8,19.26,18.77,19.09,17.7187204681,15180516.0,0.0,1.0
2015-12-22,18.56,18.84,18.42,18.755,17.4077843048,9538764.0,0.0,1.0
2015-12-21,18.3,18.55,18.15,18.52,17.1896649067,9573316.0,0.0,1.0
2015-12-18,17.93,18.195,17.85,18.1,16.799834493,29994463.0,0.0,1.0
2015-12-17,18.71,18.71,18.04,18.06,16.762707787,13475447.0,0.0,1.0
2015-12-16,18.51,18.6,18.15,18.5,17.1711015536,14933237.0,0.0,1.0
2015-12-15,18.2,18.57,18.165,18.46,17.1339748476,16828364.0,0.0,1.0
2015-12-14,18.4,18.43,17.82,18.05,16.7534261105,17322312.0,0.0,1.0
2015-12-11,18.6,18.62,18.26,18.32,17.0040313764,13903769.0,0.0,1.0
2015-12-10,18.88,18.98,18.71,18.75,17.4031434665,13510955.0,0.0,1.0
2015-12-09,18.72,19.29,18.71,19.03,17.663030409,13953524.0,0.0,1.0
2015-12-08,18.63,19.02,18.61,18.95,17.5887769968,10641220.0,0.0,1.0
2015-12-07,19.1,19.15,18.88,18.91,17.5516502908,13871111.0,0.0,1.0
2015-12-04,18.74,19.09,18.74,19.03,17.663030409,12265938.0,0.0,1.0
2015-12-03,19.23,19.31,18.685,18.76,17.4124251431,15094918.0,0.0,1.0
2015-12-02,19.09,19.34,19.08,19.13,17.7558471741,10679391.0,0.0,1.0
2015-12-01,18.74,19.225,18.72,19.18,17.8022555567,17276489.0,0.0,1.0
2015-11-30,18.72,18.92,18.695,18.77,17.4217068196,11926059.0,0.0,1.0
2015-11-27,18.41,18.735,18.39,18.62,17.2824816718,5012283.0,0.0,1.0
2015-11-25,18.45,18.67,18.3,18.45,17.1246931711,12357547.0,0.0,1.0
2015-11-24,17.96,18.54,17.95,18.38,17.0597214355,11883630.0,0.0,1.0
2015-11-23,17.82,18.48,17.82,18.13,16.8276795226,8125746.0,0.0,1.0
2015-11-20,18.29,18.36,17.99,18.18,16.8740879052,13651139.0,0.0,1.0
2015-11-19,18.2,18.42,18.14,18.2,16.8926512582,12973465.0,0.0,1.0
2015-11-18,17.83,18.18,17.82,18.13,16.8276795226,12712275.0,0.0,1.0
2015-11-17,17.66,17.9,17.5201,17.815,16.5353067123,15621161.0,0.1,1.0
2015-11-16,17.14,17.79,17.02,17.74,16.37378404,15869880.0,0.0,1.0
2015-11-13,17.12,17.5,16.85,17.24,15.9122906905,20075492.0,0.0,1.0
2015-11-12,16.69,16.8299,16.5,16.53,15.2569701342,18726967.0,0.0,1.0
2015-11-11,16.84,16.885,16.6,16.79,15.496946676,7059575.0,0.0,1.0
2015-11-10,16.65,16.835,16.585,16.76,15.469257075,9401924.0,0.0,1.0
2015-11-09,16.77,17.04,16.64,16.81,15.51540641,12893624.0,0.0,1.0
2015-11-06,16.78,17.055,16.63,17.05,15.7369232177,11137278.0,0.0,1.0
2015-11-05,16.91,17.01,16.675,16.81,15.51540641,9679525.0,0.0,1.0
2015-11-04,16.91,17.03,16.82,16.87,15.5707856119,11165061.0,0.0,1.0
2015-11-03,16.9,17.05,16.76,17.0,15.6907738828,9825826.0,0.0,1.0
2015-11-02,16.79,16.95,16.77,16.89,15.5892453459,7825505.0,0.0,1.0
2015-10-30,16.7,16.825,16.57,16.77,15.478486942,10770709.0,0.0,1.0
2015-10-29,16.5,16.82,16.37,16.74,15.450797341,14808454.0,0.0,1.0
2015-10-28,16.12,16.66,16.12,16.54,15.2662000012,13535440.0,0.0,1.0
2015-10-27,16.26,16.66,16.25,16.27,15.0169935925,14499899.0,0.0,1.0
2015-10-26,16.65,16.7,16.08,16.33,15.0723727944,11076176.0,0.0,1.0
2015-10-23,16.2,16.51,16.12,16.44,15.1739013313,15106027.0,0.0,1.0
2015-10-22,16.2,16.67,16.08,16.21,14.9616143906,31972218.0,0.0,1.0
2015-10-21,16.53,16.7,16.05,16.07,14.8323962527,20915538.0,0.0,1.0
2015-10-20,15.79,16.32,15.7501,16.19,14.9431546566,19316662.0,0.0,1.0
2015-10-19,16.0,16.045,15.64,15.805,14.5878047775,11012252.0,0.0,1.0
2015-10-16,15.75,16.01,15.58,15.83,14.610879445,15916595.0,0.0,1.0
2015-10-15,15.6,15.895,15.4,15.72,14.5093509081,25250635.0,0.0,1.0
2015-10-14,15.21,15.51,15.07,15.44,14.2509146323,20314036.0,0.0,1.0
2015-10-13,15.44,15.53,15.13,15.14,13.9740186227,17777066.0,0.0,1.0
2015-10-12,15.62,15.65,15.47,15.6,14.3985925042,8574104.0,0.0,1.0
2015-10-09,15.62,15.72,15.32,15.65,14.4447418391,14906141.0,0.0,1.0
2015-10-08,15.39,15.725,15.33,15.67,14.4632015731,11398350.0,0.0,1.0
2015-10-07,15.4,15.6211,15.21,15.39,14.2047652974,17420975.0,0.0,1.0
2015-10-06,15.09,15.32,14.92,15.24,14.0663172926,13667711.0,0.0,1.0
2015-10-05,14.64,15.175,14.64,15.1,13.9370991547,23367153.0,0.0,1.0
2015-10-02,14.49,14.94,14.435,14.94,13.7894212829,14386223.0,0.0,1.0
2015-10-01,14.72,14.78,14.45,14.67,13.5402148741,17555446.0,0.0,1.0
2015-09-30,14.69,14.87,14.59,14.68,13.5494447411,22069852.0,0.0,1.0
2015-09-29,14.42,14.73,14.33,14.55,13.4294564702,17131137.0,0.0,1.0
2015-09-28,14.59,14.65,14.36,14.37,13.2633188644,29414895.0,0.0,1.0
2015-09-25,14.96,15.0,14.395,14.6,13.4756058052,17564349.0,0.0,1.0
2015-09-24,14.55,14.88,14.29,14.69,13.5586746081,19878568.0,0.0,1.0
2015-09-23,15.05,15.1,14.58,14.605,13.4802207387,16846463.0,0.0,1.0
2015-09-22,15.46,15.56,14.97,15.1,13.9370991547,19368445.0,0.0,1.0
2015-09-21,16.0,16.05,15.56,15.64,14.4355119721,14699285.0,0.0,1.0
2015-09-18,15.83,16.095,15.73,15.93,14.7031781149,24123421.0,0.0,1.0
2015-09-17,16.04,16.31,15.915,16.02,14.7862469178,15661683.0,0.0,1.0
2015-09-16,15.98,16.2,15.825,16.17,14.9246949226,12053369.0,0.0,1.0
2015-09-15,15.77,15.95,15.68,15.92,14.6939482479,13098678.0,0.0,1.0
2015-09-14,15.5,15.705,15.49,15.6,14.3985925042,10151542.0,0.0,1.0
2015-09-11,15.54,15.63,15.35,15.5,14.3062938343,10501804.0,0.0,1.0
2015-09-10,15.41,15.8,15.26,15.56,14.3616730362,15423965.0,0.0,1.0
2015-09-09,15.74,15.91,15.44,15.46,14.2693743663,15443824.0,0.0,1.0
2015-09-08,15.68,15.8,15.62,15.73,14.5185807751,14935264.0,0.0,1.0
2015-09-04,15.57,15.67,15.28,15.39,14.2047652974,15285305.0,0.0,1.0
2015-09-03,15.78,16.125,15.74,15.76,14.546270376,13300422.0,0.0,1.0
2015-09-02,15.72,15.79,15.38,15.68,14.4724314401,13136751.0,0.0,1.0
2015-09-01,15.68,16.01,15.39,15.49,14.2970639673,17930295.0,0.0,1.0
2015-08-31,15.96,16.2099,15.8502,16.085,14.8462410532,16130215.0,0.0,1.0
2015-08-28,15.86,16.18,15.84,15.99,14.7585573168,11053654.0,0.0,1.0
2015-08-27,15.38,16.0,15.36,15.94,14.7124079818,21758933.0,0.0,1.0
2015-08-26,15.2,15.35,14.71,15.24,14.0663172926,38654411.0,0.0,1.0
2015-08-25,15.43,15.6,14.84,14.84,13.697122613,26214311.0,0.0,1.0
2015-08-24,14.67,15.67,14.25,15.1,13.9370991547,34065188.0,0.0,1.0
2015-08-21,15.82,16.04,15.46,15.48,14.2878341003,19420699.0,0.0,1.0
2015-08-20,16.31,16.37,15.97,15.98,14.7493274498,12890000.0,0.0,1.0
2015-08-19,16.44,16.66,16.235,16.44,15.1739013313,13984611.0,0.0,1.0
2015-08-18,16.96,16.96,16.46,16.53,15.2569701342,15286185.0,0.1,1.0
2015-08-17,16.54,17.06,16.47,17.03,15.6239447616,14596490.0,0.0,1.0
2015-08-14,16.7,16.78,16.24,16.64,15.2661444999,42704629.0,0.0,1.0
2015-08-13,17.38,17.45,16.995,17.05,15.642293493,17273873.0,0.0,1.0
2015-08-12,17.1,17.39,16.98,17.3,15.8716526351,14683656.0,0.0,1.0
2015-08-11,17.36,17.45,17.14,17.34,15.9083500979,20174022.0,0.0,1.0
2015-08-10,17.16,17.69,17.13,17.6,16.1468836057,14581527.0,0.0,1.0
2015-08-07,16.78,16.99,16.77,16.98,15.5780729332,13570800.0,0.0,1.0
2015-08-06,17.11,17.19,16.8,16.85,15.4588061793,12857169.0,0.0,1.0
2015-08-05,16.99,17.23,16.92,17.03,15.6239447616,12249264.0,0.0,1.0
2015-08-04,17.1,17.22,16.83,16.83,15.4404574479,17050004.0,0.0,1.0
2015-08-03,17.46,17.46,17.105,17.16,15.7432115156,12754220.0,0.0,1.0
2015-07-31,17.52,17.6,17.32,17.36,15.9266988293,16080637.0,0.0,1.0
2015-07-30,17.6,17.74,17.53,17.57,16.1193605086,12332833.0,0.0,1.0
2015-07-29,17.56,17.6,17.35,17.55,16.1010117773,11913296.0,0.0,1.0
2015-07-28,17.39,17.77,17.21,17.62,16.1652323371,14067192.0,0.0,1.0
2015-07-27,17.25,17.49,17.13,17.38,15.9450475606,18439234.0,0.0,1.0
2015-07-24,17.74,17.74,17.21,17.37,15.9358731949,14637121.0,0.0,1.0
2015-07-23,17.47,17.86,17.46,17.72,16.2569759939,13400511.0,0.0,1.0
2015-07-22,17.66,17.7,17.4,17.49,16.0459655832,12036072.0,0.0,1.0
2015-07-21,17.77,18.04,17.74,17.83,16.3578940164,9426665.0,0.0,1.0
2015-07-20,17.75,17.96,17.69,17.77,16.3028478223,12652766.0,0.0,1.0
2015-07-17,17.9,17.9,17.69,17.77,16.3028478223,13387001.0,0.0,1.0
2015-07-16,18.43,18.4764,17.64,17.87,16.3945914792,32327000.0,0.0,1.0
2015-07-15,18.9,18.99,18.52,18.57,17.0367970771,22511360.0,0.0,1.0
2015-07-14,19.31,19.42,18.86,18.89,17.3303767791,27788016.0,0.0,1.0
2015-07-13,18.9,19.63,18.87,19.31,17.7157001378,21962014.0,0.0,1.0
2015-07-10,18.83,18.99,18.715,18.77,17.2202843908,18375163.0,0.0,1.0
2015-07-09,18.74,18.91,18.51,18.52,16.9909252487,14214396.0,0.0,1.0
2015-07-08,19.0,19.04,18.52,18.55,17.0184483458,18978919.0,0.0,1.0
2015-07-07,19.23,19.3,18.73,19.17,17.5872590182,20993992.0,0.0,1.0
2015-07-06,19.38,19.72,19.255,19.27,17.6790026751,11559006.0,0.0,1.0
2015-07-02,19.55,19.64,19.45,19.61,17.9909311084,9066974.0,0.0,1.0
2015-07-01,19.34,19.66,19.34,19.51,17.8991874515,13062030.0,0.0,1.0
2015-06-30,19.28,19.41,19.06,19.22,17.6331308467,15942325.0,0.0,1.0
2015-06-29,19.59,19.59,19.19,19.21,17.623956481,20049105.0,0.0,1.0
2015-06-26,19.96,20.155,19.63,19.78,18.146895325,17069814.0,0.0,1.0
2015-06-25,20.22,20.28,20.01,20.06,18.4037775642,10723542.0,0.0,1.0
2015-06-24,20.24,20.46,20.08,20.1,18.440475027,19194731.0,0.0,1.0
2015-06-23,19.84,20.13,19.83,19.96,18.3120339074,11025282.0,0.0,1.0
2015-06-22,19.79,19.95,19.7,19.86,18.2202902505,13235440.0,0.0,1.0
2015-06-19,19.83,19.925,19.68,19.72,18.0918491309,16973916.0,0.0,1.0
2015-06-18,19.62,19.86,19.575,19.84,18.2019415191,16078011.0,0.0,1.0
2015-06-17,19.79,19.9,19.52,19.54,17.9267105486,18479164.0,0.0,1.0
2015-06-16,19.64,19.85,19.57,19.82,18.1835927878,11534804.0,0.0,1.0
2015-06-15,19.45,19.79,19.34,19.71,18.0826747652,15661262.0,0.0,1.0
2015-06-12,19.74,19.79,19.59,19.62,18.0001054741,12228230.0,0.0,1.0
2015-06-11,20.04,20.11,19.74,19.78,18.146895325,16586540.0,0.0,1.0
2015-06-10,20.0,20.14,19.96,20.04,18.3854288328,14241459.0,0.0,1.0
2015-06-09,19.82,20.01,19.711,19.91,18.2661620789,12721028.0,0.0,1.0
2015-06-08,20.14,20.24,19.805,19.87,18.2294646162,15101511.0,0.0,1.0
2015-06-05,20.04,20.23,19.935,20.15,18.4863468554,12782591.0,0.0,1.0
2015-06-04,20.24,20.31,19.86,20.06,18.4037775642,17684747.0,0.0,1.0
2015-06-03,20.54,20.59,20.33,20.36,18.6790085348,9133955.0,0.0,1.0
2015-06-02,20.27,20.59,20.09,20.375,18.6927700833,15954112.0,0.0,1.0
2015-06-01,20.03,20.34,20.03,20.31,18.6331367063,11839688.0,0.0,1.0
2015-05-29,20.43,20.43,20.06,20.13,18.467998124,17857102.0,0.0,1.0
2015-05-28,20.34,20.6,20.29,20.36,18.6790085348,18479785.0,0.0,1.0
2015-05-27,19.96,20.495,19.96,20.34,18.6606598034,16439236.0,0.0,1.0
2015-05-26,20.11,20.24,19.88,19.99,18.3395570044,15116990.0,0.0,1.0
2015-05-22,20.18,20.28,20.07,20.14,18.4771724897,13257218.0,0.0,1.0
2015-05-21,19.83,20.26,19.82,20.15,18.4863468554,11820898.0,0.0,1.0
2015-05-20,19.95,20.07,19.87,19.91,18.2661620789,17596213.0,0.0,1.0
2015-05-19,20.2,20.33,19.93,19.99,18.3395570044,22054898.0,0.1,1.0
2015-05-18,20.26,20.34,20.02,20.19,18.430843998,24351930.0,0.0,1.0
2015-05-15,20.57,20.59,20.12,20.2,18.4399726973,55400664.0,0.0,1.0
2015-05-14,20.03,20.1,19.785,19.86,18.1295969193,30896506.0,0.0,1.0
2015-05-13,19.95,20.04,19.78,19.93,18.1934978147,23811231.0,0.0,1.0
2015-05-12,19.91,19.99,19.78,19.89,18.1569830173,15269920.0,0.0,1.0
2015-05-11,19.8,19.96,19.73,19.92,18.1843691154,18837111.0,0.0,1.0
2015-05-08,19.78,19.85,19.65,19.69,17.9744090302,15655318.0,0.0,1.0
2015-05-07,19.21,19.67,19.2,19.56,17.8557359386,14345884.0,0.0,1.0
2015-05-06,19.45,19.56,19.165,19.445,17.750755896,24425056.0,0.0,1.0
2015-05-05,19.77,19.84,19.32,19.36,17.6731619515,27823300.0,0.0,1.0
2015-05-04,19.98,20.08,19.86,19.88,18.147854318,14802898.0,0.0,1.0
2015-05-01,19.93,20.11,19.82,19.98,18.2391413115,27346042.0,0.0,1.0
2015-04-30,19.92,19.92,19.645,19.79,18.0656960238,33200136.0,0.0,1.0
2015-04-29,19.95,20.01,19.63,20.01,18.2665274096,31274209.0,0.0,1.0
2015-04-28,20.13,20.49,19.99,20.04,18.2939135076,55701399.0,0.0,1.0
2015-04-27,20.53,20.55,19.64,19.97,18.2300126122,219415189.0,0.0,1.0
2015-04-24,22.27,22.35,21.75,21.8,19.9005645941,14287164.0,0.0,1.0
2015-04-23,22.14,22.235,21.9525,22.17,20.2383264703,9290279.0,0.0,1.0
2015-04-22,22.26,22.42,22.01,22.31,20.3661282613,11528374.0,0.0,1.0
2015-04-21,22.27,22.67,22.055,22.29,20.3478708625,30028400.0,0.0,1.0
2015-04-20,21.71,21.93,21.68,21.76,19.8640497967,13365227.0,0.0,1.0
2015-04-17,21.7,21.759,21.365,21.49,19.6175749141,20698392.0,0.0,1.0
2015-04-16,22.2,22.22,21.71,21.88,19.973594189,33201490.0,0.0,1.0
2015-04-15,22.06,22.705,22.0525,22.55,20.5852170458,15020992.0,0.0,1.0
2015-04-14,22.21,22.34,22.04,22.195,20.2611482187,12358381.0,0.0,1.0
2015-04-13,22.44,22.575,22.31,22.33,20.38438566,8908989.0,0.0,1.0
2015-04-10,22.44,22.58,22.22,22.5,20.539573549,12044671.0,0.0,1.0
2015-04-09,22.31,22.58,22.11,22.51,20.5487022484,14365460.0,0.0,1.0
2015-04-08,22.01,22.42,22.0,22.38,20.4300291567,18046127.0,0.0,1.0
2015-04-07,22.19,22.27,21.79,21.985,20.0694455322,28793594.0,0.0,1.0
2015-04-06,22.1,22.26,21.94,22.16,20.2291977709,32215479.0,0.0,1.0
2015-04-02,22.48,22.605,22.2,22.27,20.3296134638,9281092.0,0.0,1.0
2015-04-01,22.53,22.67,22.175,22.39,20.4391578561,16055288.0,0.0,1.0
2015-03-31,22.55,22.76,22.43,22.56,20.5943457451,13746629.0,0.0,1.0
2015-03-30,22.98,23.09,22.62,22.77,20.7860484316,19359227.0,0.0,1.0
2015-03-27,22.51,22.95,22.31,22.83,20.8408206277,20147094.0,0.0,1.0
2015-03-26,22.25,22.88,21.8,22.4,20.4482865555,34670386.0,0.0,1.0
2015-03-25,23.88,23.9499,22.5,22.625,20.6536822909,25737236.0,0.0,1.0
2015-03-24,24.0,24.26,23.841,23.895,21.813027109,11834889.0,0.0,1.0
2015-03-23,24.14,24.46,23.96,23.97,21.8814923542,11439927.0,0.0,1.0
2015-03-20,24.24,24.31,24.1,24.12,22.0184228445,17346628.0,0.0,1.0
2015-03-19,24.37,24.37,23.97,24.08,21.9819080471,9698597.0,0.0,1.0
2015-03-18,24.07,24.4,23.5,24.365,22.2420759787,23018282.0,0.0,1.0
2015-03-17,24.4,24.49,24.145,24.205,22.096016789,12973613.0,0.0,1.0
2015-03-16,24.34,24.59,24.18,24.57,22.4292143155,12944456.0,0.0,1.0
2015-03-13,23.98,24.32,23.93,24.24,22.1279672368,14834869.0,0.0,1.0
2015-03-12,23.34,23.78,23.23,23.77,21.6989183671,14311034.0,0.0,1.0
2015-03-11,23.64,23.83,23.435,23.455,21.4113643374,16238713.0,0.0,1.0
2015-03-10,23.94,24.05,23.48,23.51,21.4615721839,11622048.0,0.0,1.0
2015-03-09,23.8,24.19,23.8,24.09,21.9910367465,9924301.0,0.0,1.0
2015-03-06,24.11,24.21,23.65,23.91,21.8267201581,18044122.0,0.0,1.0
2015-03-05,24.29,24.35,24.07,24.18,22.0731950407,10047363.0,0.0,1.0
2015-03-04,24.44,24.45,23.96,24.27,22.1553533349,12448609.0,0.0,1.0
2015-03-03,25.46,25.472,24.45,24.485,22.351620371,18989694.0,0.0,1.0
2015-03-02,24.94,25.64,24.94,25.63,23.3968564472,17091131.0,0.0,1.0
2015-02-27,24.88,25.25,24.74,25.05,22.8673918846,13294331.0,0.0,1.0
2015-02-26,25.05,25.05,24.45,24.91,22.7395900936,21342145.0,0.0,1.0
2015-02-25,25.24,25.39,24.91,25.1,22.9130353813,11742682.0,0.0,1.0
2015-02-24,24.99,25.39,24.89,25.36,23.1503815646,13375057.0,0.0,1.0
2015-02-23,25.05,25.25,24.75,24.91,22.7395900936,14203098.0,0.0,1.0
2015-02-20,24.92,25.57,24.8,25.13,22.9404214794,23555653.0,0.0,1.0
2015-02-19,24.01,25.39,24.01,24.93,22.7578474923,29232446.0,0.0,1.0
2015-02-18,24.1,24.24,23.9,24.1,22.0001654458,11429669.0,0.0,1.0
2015-02-17,23.99,24.315,23.89,24.13,22.0275515439,12948675.0,0.0,1.0
2015-02-13,24.07,24.53,23.94,24.12,22.0184228445,12979016.0,0.1,1.0
2015-02-12,23.65,24.31,23.58,24.14,21.9456947757,19818346.0,0.0,1.0
2015-02-11,24.27,24.35,23.99,24.26,22.054786879,14902181.0,0.0,1.0
2015-02-10,23.7,24.31,23.48,24.28,22.0729688962,11140088.0,0.0,1.0
2015-02-09,24.0,24.05,23.48,23.51,21.3729612335,11718188.0,0.0,1.0
2015-02-06,24.06,24.67,23.93,24.235,22.0320593574,16898677.0,0.0,1.0
2015-02-05,23.63,24.05,23.37,23.96,21.7820566208,13207026.0,0.0,1.0
2015-02-04,23.46,23.845,23.44,23.62,21.4729623282,14635941.0,0.0,1.0
2015-02-03,22.87,23.47,22.8301,23.45,21.3184151818,11810761.0,0.0,1.0
2015-02-02,22.92,23.0,22.29,22.855,20.7775001698,14152322.0,0.0,1.0
2015-01-30,23.39,23.72,22.79,22.84,20.7638636569,13074459.0,0.0,1.0
2015-01-29,23.37,23.72,23.06,23.62,21.4729623282,8518901.0,0.0,1.0
2015-01-28,23.78,24.2,23.35,23.375,21.2502326173,10842963.0,0.0,1.0
2015-01-27,23.86,23.99,23.4,23.57,21.4275072851,13425227.0,0.0,1.0
2015-01-26,24.11,24.3,23.81,24.24,22.0366048617,7787734.0,0.0,1.0
2015-01-23,24.52,24.52,23.965,24.11,21.9184217499,13218578.0,0.0,1.0
2015-01-22,24.3,24.63,23.765,24.62,22.3820631888,12543536.0,0.0,1.0
2015-01-21,23.75,24.5,23.64,24.32,22.1093329306,13106662.0,0.0,1.0
2015-01-20,23.58,23.77,23.305,23.63,21.4820533368,13686011.0,0.0,1.0
2015-01-16,23.21,23.51,22.88,23.47,21.3365971991,16733221.0,0.0,1.0
2015-01-15,23.57,23.72,23.24,23.325,21.2047775743,26527390.0,0.0,1.0
2015-01-14,23.01,23.32,22.85,23.02,20.9275018118,21954658.0,0.0,1.0
2015-01-13,23.9,24.275,23.21,23.33,21.2093230786,14419272.0,0.0,1.0
2015-01-12,24.27,24.28,23.52,23.66,21.5093263626,12581526.0,0.0,1.0
2015-01-09,24.1,24.34,23.9,24.24,22.0366048617,8702052.0,0.0,1.0
2015-01-08,23.69,24.32,23.67,24.215,22.0138773402,16696854.0,0.0,1.0
2015-01-07,23.37,23.54,23.09,23.465,21.3320516948,15710318.0,0.0,1.0
2015-01-06,24.13,24.3,23.23,23.25,21.1365950097,19686034.0,0.0,1.0
2015-01-05,24.75,24.9,24.145,24.16,21.9638767929,11419766.0,0.0,1.0
2015-01-02,24.99,25.16,24.6,24.96,22.6911574814,6910202.0,0.0,1.0
2014-12-31,25.31,25.35,24.83,24.92,22.654793447,7006526.0,0.0,1.0
2014-12-30,25.03,25.31,25.02,25.22,22.9275237052,6554342.0,0.0,1.0
2014-12-29,25.02,25.4,25.02,25.31,23.0093427826,5894399.0,0.0,1.0
2014-12-26,25.45,25.47,25.16,25.19,22.9002506793,4057682.0,0.0,1.0
2014-12-24,25.4,25.48,25.25,25.25,22.954796731,2878423.0,0.0,1.0
2014-12-23,25.49,25.71,25.29,25.4,23.0911618601,9841676.0,0.0,1.0
2014-12-22,24.92,25.47,24.92,25.4,23.0911618601,17583841.0,0.0,1.0
2014-12-19,25.03,25.15,24.795,24.89,22.6275204212,14802693.0,0.0,1.0
2014-12-18,24.87,25.02,24.58,25.01,22.7366125244,18581776.0,0.0,1.0
2014-12-17,23.8,24.49,23.605,24.455,22.2320615468,17430541.0,0.0,1.0
2014-12-16,23.17,24.27,23.12,23.85,21.6820555261,25505210.0,0.0,1.0
2014-12-15,23.82,24.05,23.27,23.39,21.2638691302,14971299.0,0.0,1.0
2014-12-12,23.65,24.23,23.5,23.66,21.5093263626,14273730.0,0.0,1.0
2014-12-11,23.87,24.265,23.71,23.79,21.6275094745,7741559.0,0.0,1.0
2014-12-10,24.36,24.36,23.65,23.78,21.6184184659,10681134.0,0.0,1.0
2014-12-09,24.13,24.56,23.94,24.415,22.1956975124,13242220.0,0.0,1.0
2014-12-08,25.12,25.25,24.04,24.24,22.0366048617,18680074.0,0.0,1.0
2014-12-05,24.62,25.09,24.26,25.04,22.7638855502,19265186.0,0.0,1.0
2014-12-04,24.62,24.85,24.29,24.4,22.1820609994,10152666.0,0.0,1.0
2014-12-03,23.96,24.68,23.95,24.585,22.3502446587,17468379.0,0.0,1.0
2014-12-02,23.71,23.95,23.625,23.87,21.7002375433,10582586.0,0.0,1.0
2014-12-01,24.04,24.05,23.7,23.74,21.5820544314,10257783.0,0.0,1.0
2014-11-28,23.7,24.15,23.61,24.05,21.8638756982,9712428.0,0.0,1.0
2014-11-26,23.3,23.91,23.3,23.87,21.7002375433,14856414.0,0.0,1.0
2014-11-25,23.11,23.24,23.05,23.225,21.1138674882,8721475.0,0.0,1.0
2014-11-24,22.84,23.24,22.72,23.24,21.1275040011,13508835.0,0.0,1.0
2014-11-21,22.92,22.97,22.63,22.855,20.7775001698,9890312.0,0.0,1.0
2014-11-20,22.45,22.7,22.37,22.63,20.5729524761,9402409.0,0.0,1.0
2014-11-19,22.72,22.75,22.53,22.59,20.5365884417,9928981.0,0.0,1.0
2014-11-18,22.48,22.85,22.35,22.68,20.6184075192,9718560.0,0.1,1.0
2014-11-17,22.69,22.79,22.27,22.48,20.3468744965,11374089.0,0.0,1.0
2014-11-14,22.21,22.98,22.07,22.82,20.6546119222,14877153.0,0.0,1.0
2014-11-13,22.87,22.98,22.5,22.62,20.4735899071,13873351.0,0.0,1.0
2014-11-12,22.6,22.74,22.31,22.49,20.3559255973,9910155.0,0.0,1.0
2014-11-11,22.69,22.78,22.411,22.54,20.401181101,8119098.0,0.0,1.0
2014-11-10,22.43,22.96,22.36,22.63,20.4826410078,10653851.0,0.0,1.0
2014-11-07,22.65,22.65,22.14,22.43,20.3016189927,8217350.0,0.0,1.0
2014-11-06,22.58,22.75,22.39,22.59,20.4464366048,11774263.0,0.0,1.0
2014-11-05,22.28,22.64,22.005,22.61,20.4645388063,10383782.0,0.0,1.0
2014-11-04,22.14,22.283,21.905,22.08,19.9848304663,12057951.0,0.0,1.0
2014-11-03,22.19,22.46,22.11,22.21,20.1024947761,11646149.0,0.0,1.0
2014-10-31,21.71,22.35,21.71,22.09,19.9938815671,18062928.0,0.0,1.0
2014-10-30,21.36,21.46,20.95,21.34,19.3150490105,13317895.0,0.0,1.0
2014-10-29,21.05,21.51,21.05,21.475,19.4372388707,11025296.0,0.0,1.0
2014-10-28,21.14,21.25,20.99,21.245,19.2290635533,10944348.0,0.0,1.0
2014-10-27,20.88,21.23,20.795,21.04,19.0435159878,10460871.0,0.0,1.0
2014-10-24,20.99,21.53,20.9,20.99,18.9982604841,19804212.0,0.0,1.0
2014-10-23,20.6,21.19,20.6,20.895,18.9122750269,19158545.0,0.0,1.0
2014-10-22,20.87,20.97,20.41,20.49,18.5457054463,14909329.0,0.0,1.0
2014-10-21,20.15,20.78,20.09,20.78,18.8081873682,18140091.0,0.0,1.0
2014-10-20,19.73,20.135,19.65,20.07,18.1655592146,10231144.0,0.0,1.0
2014-10-17,20.0,20.34,19.79,19.88,17.9935883003,17455290.0,0.0,1.0
2014-10-16,19.09,19.95,19.05,19.87,17.9845371995,17523746.0,0.0,1.0
2014-10-15,19.09,19.49,18.63,19.43,17.5862887663,30272357.0,0.0,1.0
2014-10-14,19.31,19.6,19.05,19.335,17.5003033092,20061021.0,0.0,1.0
2014-10-13,19.78,19.85,18.83,18.915,17.1201570775,36073318.0,0.0,1.0
2014-10-10,20.59,20.59,19.5,19.83,17.9483327965,33135379.0,0.0,1.0
2014-10-09,20.99,21.26,20.7,20.87,18.889647275,17546488.0,0.0,1.0
2014-10-08,20.64,21.18,20.38,21.15,19.1430780961,16941879.0,0.0,1.0
2014-10-07,20.44,20.9,20.33,20.37,18.4370922373,15630195.0,0.0,1.0
2014-10-06,20.81,21.01,20.47,20.6,18.6452675546,9935016.0,0.0,1.0
2014-10-03,20.59,20.81,20.45,20.74,18.7719829652,11155068.0,0.0,1.0
2014-10-02,20.97,21.04,20.39,20.53,18.5819098494,24922735.0,0.0,1.0
2014-10-01,21.66,21.69,20.9,20.96,18.9711071818,16300643.0,0.0,1.0
2014-09-30,21.73,21.79,21.515,21.61,19.5594287309,9495393.0,0.0,1.0
2014-09-29,21.5,21.83,21.39,21.75,19.6861441414,7110242.0,0.0,1.0
2014-09-26,21.58,21.855,21.54,21.74,19.6770930407,7473920.0,0.0,1.0
2014-09-25,21.95,21.96,21.47,21.51,19.4689177233,9044971.0,0.0,1.0
2014-09-24,21.68,21.99,21.63,21.96,19.8762172573,7511801.0,0.0,1.0
2014-09-23,21.59,22.07,21.47,21.63,19.5775309324,13683200.0,0.0,1.0
2014-09-22,22.38,22.39,21.89,21.94,19.8581150558,9260200.0,0.0,1.0
2014-09-19,22.72,22.725,22.5,22.55,20.4102322018,10453700.0,0.0,1.0
2014-09-18,22.46,22.62,22.36,22.6,20.4554877056,9095100.0,0.0,1.0
2014-09-17,22.38,22.62,22.27,22.445,20.3151956439,10608100.0,0.0,1.0
2014-09-16,22.08,22.41,21.85,22.37,20.2473123882,8430000.0,0.0,1.0
2014-09-15,22.34,22.427,21.97,22.05,19.9576771641,11815100.0,0.0,1.0
2014-09-12,22.61,22.765,22.25,22.3,20.1839546829,12032000.0,0.0,1.0
2014-09-11,22.36,22.93,22.28,22.93,20.7541740305,12622700.0,0.0,1.0
2014-09-10,22.57,22.57,22.315,22.37,20.2473123882,7355000.0,0.0,1.0
2014-09-09,22.6,22.74,22.41,22.46,20.328772295,12567200.0,0.0,1.0
2014-09-08,22.76,22.82,22.55,22.665,20.5143198605,10070800.0,0.0,1.0
2014-09-05,22.6,22.78,22.42,22.76,20.6003053176,10448000.0,0.0,1.0
2014-09-04,22.95,22.95,22.54,22.54,20.401181101,12291800.0,0.0,1.0
2014-09-03,23.0,23.06,22.84,22.9,20.7270207282,12940800.0,0.0,1.0
2014-09-02,22.89,23.0,22.69,22.93,20.7541740305,11956900.0,0.0,1.0
2014-08-29,22.85,23.16,22.75,23.105,20.9125682937,15635800.0,0.0,1.0
2014-08-28,22.48,22.84,22.48,22.8,20.6365097207,9035100.0,0.0,1.0
2014-08-27,22.3,22.7,22.2,22.63,20.4826410078,10428200.0,0.0,1.0
2014-08-26,22.08,22.306,22.07,22.23,20.1205969776,8671700.0,0.0,1.0
2014-08-25,22.21,22.24,21.99,22.115,20.016509319,9763500.0,0.0,1.0
2014-08-22,22.19,22.32,22.03,22.17,20.0662903731,7573700.0,0.0,1.0
2014-08-21,21.92,22.2,21.88,22.2,20.0934436754,11350000.0,0.0,1.0
2014-08-20,21.96,22.145,21.86,21.9,19.8219106527,9820500.0,0.0,1.0
2014-08-19,22.14,22.14,21.9,22.05,19.9576771641,9119300.0,0.1,1.0
2014-08-18,22.575,22.58,21.98,22.1,19.9126259741,16987500.0,0.0,1.0
2014-08-15,22.55,22.59,22.022,22.48,20.255015018,25841600.0,0.0,1.0
2014-08-14,21.0,21.245,20.99,21.15,19.0566533643,11241000.0,0.0,1.0
2014-08-13,20.92,21.11,20.92,20.97,18.8944690804,9315000.0,0.0,1.0
2014-08-12,20.93,21.15,20.69,20.91,18.8404076524,8557100.0,0.0,1.0
2014-08-11,20.9,21.435,20.9,21.09,19.0025919363,9213500.0,0.0,1.0
2014-08-08,20.67,20.87,20.48,20.83,18.7683257484,9052300.0,0.0,1.0
2014-08-07,21.25,21.44,20.6,20.69,18.6421824165,15613800.0,0.0,1.0
2014-08-06,20.94,21.27,20.76,21.15,19.0566533643,10986000.0,0.0,1.0
2014-08-05,20.99,21.14,20.7201,20.84,18.7773359864,9958800.0,0.0,1.0
2014-08-04,21.2,21.29,20.905,21.13,19.0386328883,7407900.0,0.0,1.0
2014-08-01,20.94,21.19,20.81,21.09,19.0025919363,9624200.0,0.0,1.0
2014-07-31,21.1,21.365,20.93,20.96,18.8854588424,12962700.0,0.0,1.0
2014-07-30,21.45,21.68,21.15,21.28,19.1737864583,9720900.0,0.0,1.0
2014-07-29,21.53,21.55,21.1,21.19,19.0926943163,9834800.0,0.0,1.0
2014-07-28,21.27,21.51,20.81,21.36,19.2458683623,18647900.0,0.0,1.0
2014-07-25,21.54,21.64,20.94,21.23,19.1287352683,32255000.0,0.0,1.0
2014-07-24,21.94,22.0,21.71,21.755,19.6017727632,10357000.0,0.0,1.0
2014-07-23,22.58,22.62,21.83,21.9,19.7324212141,19372600.0,0.0,1.0
2014-07-22,22.8,22.91,22.32,22.52,20.29105597,24962300.0,0.0,1.0
2014-07-21,22.86,23.19,22.84,22.91,20.6424552519,7272900.0,0.0,1.0
2014-07-18,22.87,23.01,22.71,23.0,20.7235473938,11636800.0,0.0,1.0
2014-07-17,22.72,23.07,22.66,22.765,20.5118068009,11318100.0,0.0,1.0
2014-07-16,22.99,23.16,22.77,22.85,20.5883938239,18058600.0,0.0,1.0
2014-07-15,23.1,23.23,22.69,22.89,20.6244347759,10531700.0,0.0,1.0
2014-07-14,23.02,23.14,22.88,23.06,20.7776088218,9837700.0,0.0,1.0
2014-07-11,23.0,23.02,22.73,22.85,20.5883938239,9123100.0,0.0,1.0
2014-07-10,22.91,23.05,22.73,22.87,20.6064142999,14261800.0,0.0,1.0
2014-07-09,22.79,23.38,22.7199,23.27,20.9668238198,18534300.0,0.0,1.0
2014-07-08,22.85,23.15,22.715,22.74,20.4892812059,16012600.0,0.0,1.0
2014-07-07,23.3,23.46,22.83,22.96,20.6875064418,13761400.0,0.0,1.0
2014-07-03,22.85,22.95,22.72,22.81,20.5523528719,5488500.0,0.0,1.0
2014-07-02,22.68,22.83,22.59,22.79,20.5343323959,6428400.0,0.0,1.0
2014-07-01,22.69,22.91,22.59,22.66,20.4171993019,9030000.0,0.0,1.0
2014-06-30,22.39,22.7,22.3,22.55,20.318086684,11199300.0,0.0,1.0
2014-06-27,22.35,22.49,22.25,22.4,20.182933114,9171600.0,0.0,1.0
2014-06-26,22.6,22.64,22.16,22.42,20.20095359,12812800.0,0.0,1.0
2014-06-25,22.74,22.75,22.38,22.585,20.3496225169,12007300.0,0.0,1.0
2014-06-24,22.92,23.22,22.64,22.74,20.4892812059,19276200.0,0.0,1.0
2014-06-23,22.76,22.99,22.7,22.9,20.6334450139,20573000.0,0.0,1.0
2014-06-20,22.55,22.75,22.35,22.75,20.4982914439,19207500.0,0.0,1.0
2014-06-19,22.47,22.49,22.22,22.46,20.236994542,12923000.0,0.0,1.0
2014-06-18,22.52,22.52,22.13,22.37,20.1559024,13136600.0,0.0,1.0
2014-06-17,22.27,22.61,22.14,22.49,20.264025256,11200100.0,0.0,1.0
2014-06-16,22.35,22.54,22.185,22.35,20.137881924,7917700.0,0.0,1.0
2014-06-13,21.91,22.415,21.85,22.37,20.1559024,13396600.0,0.0,1.0
2014-06-12,21.8,22.01,21.59,21.75,19.5972676442,10857500.0,0.0,1.0
2014-06-11,21.87,22.06,21.75,21.89,19.7234109761,10331700.0,0.0,1.0
2014-06-10,21.89,21.91,21.74,21.89,19.7234109761,9403300.0,0.0,1.0
2014-06-09,21.83,22.1,21.83,21.91,19.7414314521,8643000.0,0.0,1.0
2014-06-06,21.91,21.91,21.65,21.82,19.6603393102,7831000.0,0.0,1.0
2014-06-05,21.6,21.9,21.41,21.78,19.6242983582,21007400.0,0.0,1.0
2014-06-04,21.46,21.92,21.305,21.56,19.4260731222,22877300.0,0.0,1.0
2014-06-03,20.6,21.45,20.51,21.42,19.2999297903,33318600.0,0.0,1.0
2014-06-02,19.99,20.53,19.97,20.52,18.4890083705,10808000.0,0.0,1.0
2014-05-30,20.3,20.3,20.09,20.19,18.1916705166,10101200.0,0.0,1.0
2014-05-29,20.58,20.58,20.24,20.28,18.2727626586,16088500.0,0.0,1.0
2014-05-28,20.63,20.64,20.325,20.54,18.5070288465,13816800.0,0.0,1.0
2014-05-27,20.18,20.58,19.95,20.58,18.5430697985,20049000.0,0.0,1.0
2014-05-23,20.01,20.12,19.91,20.04,18.0565169466,7169800.0,0.0,1.0
2014-05-22,19.94,20.19,19.86,19.89,17.9213633767,9347200.0,0.0,1.0
2014-05-21,19.86,20.065,19.835,20.0,18.0204759946,7642700.0,0.0,1.0
2014-05-20,19.97,20.135,19.66,19.87,17.9033429007,13314600.0,0.1,1.0
2014-05-19,20.05,20.41,19.88,20.12,18.0378196876,16278400.0,0.0,1.0
2014-05-16,19.4,20.29,19.4,20.21,18.1185057598,38230900.0,0.0,1.0
2014-05-15,18.9,18.97,18.48,18.69,16.7558076522,15801700.0,0.0,1.0
2014-05-14,19.08,19.145,18.89,18.95,16.9889007495,14985100.0,0.0,1.0
2014-05-13,19.43,19.47,18.9,19.11,17.1323426556,20500400.0,0.0,1.0
2014-05-12,19.43,19.58,19.34,19.47,17.4550869442,13120800.0,0.0,1.0
2014-05-09,19.35,19.45,19.14,19.305,17.3071624786,14059800.0,0.0,1.0
2014-05-08,18.8,19.63,18.76,19.32,17.3206101573,21343300.0,0.0,1.0
2014-05-07,18.87,19.01,18.66,18.99,17.024761226,11924600.0,0.0,1.0
2014-05-06,18.89,19.09,18.77,18.86,16.9082146774,10168600.0,0.0,1.0
2014-05-05,18.79,19.075,18.7,18.97,17.0068309878,9132900.0,0.0,1.0
2014-05-02,18.91,19.11,18.84,18.96,16.9978658686,10285300.0,0.0,1.0
2014-05-01,19.11,19.29,18.86,18.88,16.9261449156,17221300.0,0.0,1.0
2014-04-30,18.95,19.08,18.69,19.06,17.0875170599,17911800.0,0.0,1.0
2014-04-29,18.81,19.17,18.71,19.07,17.0964821791,13964000.0,0.0,1.0
2014-04-28,18.75,18.89,18.27,18.67,16.7378774139,11939100.0,0.0,1.0
2014-04-25,18.99,19.14,18.37,18.62,16.6930518183,20504000.0,0.0,1.0
2014-04-24,19.45,19.59,19.19,19.37,17.3654357529,11860600.0,0.0,1.0
2014-04-23,19.36,19.495,19.195,19.25,17.2578543234,9063000.0,0.0,1.0
2014-04-22,19.03,19.54,19.03,19.36,17.3564706338,11168400.0,0.0,1.0
2014-04-21,19.08,19.181,18.82,19.14,17.159238013,10505700.0,0.0,1.0
2014-04-17,18.89,19.07,18.695,18.99,17.024761226,10238700.0,0.0,1.0
2014-04-16,18.7,18.925,18.44,18.92,16.9620053921,16948200.0,0.0,1.0
2014-04-15,19.07,19.15,18.3,18.86,16.9082146774,28433300.0,0.0,1.0
2014-04-14,19.23,19.38,18.86,19.02,17.0516565834,6573600.0,0.0,1.0
2014-04-11,19.05,19.48,18.85,19.12,17.1413077747,12163100.0,0.0,1.0
2014-04-10,19.96,19.99,19.03,19.09,17.1144124173,19609000.0,0.0,1.0
2014-04-09,19.97,20.04,19.77,19.99,17.9212731389,9540100.0,0.0,1.0
2014-04-08,19.99,20.19,19.78,19.85,17.7957614711,12649300.0,0.0,1.0
2014-04-07,20.22,20.25,19.88,20.03,17.9571336154,10206200.0,0.0,1.0
2014-04-04,20.99,21.03,20.16,20.25,18.1543662363,15097600.0,0.0,1.0
2014-04-03,20.85,21.16,20.73,20.84,18.6833082649,19373000.0,0.0,1.0
2014-04-02,20.66,20.84,20.53,20.79,18.6384826693,11896900.0,0.0,1.0
2014-04-01,20.37,20.64,20.235,20.62,18.4860756441,16010100.0,0.0,1.0
2014-03-31,20.24,20.65,20.18,20.415,18.3022907019,13094300.0,0.0,1.0
2014-03-28,19.75,20.29,19.69,20.18,18.0916104024,12615700.0,0.0,1.0
2014-03-27,19.86,20.02,19.64,19.69,17.6523195651,12449600.0,0.0,1.0
2014-03-26,20.45,20.63,19.86,19.86,17.8047265903,16214100.0,0.0,1.0
2014-03-25,20.25,20.4,20.02,20.36,18.2529825467,13018700.0,0.0,1.0
2014-03-24,20.45,20.46,19.79,20.1,18.0198894494,15100300.0,0.0,1.0
2014-03-21,20.2,20.81,20.12,20.17,18.0826452833,25859800.0,0.0,1.0
2014-03-20,19.46,20.2,19.38,20.19,18.1005755215,27535600.0,0.0,1.0
2014-03-19,19.36,19.76,19.26,19.47,17.4550869442,16491700.0,0.0,1.0
2014-03-18,18.98,19.39,18.89,19.37,17.3654357529,10686100.0,0.0,1.0
2014-03-17,18.88,19.07,18.85,18.98,17.0157961069,6793300.0,0.0,1.0
2014-03-14,18.82,18.97,18.71,18.72,16.7827030095,13071700.0,0.0,1.0
2014-03-13,19.58,19.67,18.77,18.88,16.9261449156,19390700.0,0.0,1.0
2014-03-12,19.1,19.52,18.92,19.51,17.4909474207,10188800.0,0.0,1.0
2014-03-11,19.4,19.5,19.07,19.13,17.1502728938,12202400.0,0.0,1.0
2014-03-10,19.71,19.71,19.27,19.38,17.3744008721,11602700.0,0.0,1.0
2014-03-07,19.49,19.665,19.405,19.64,17.6074939694,16734400.0,0.0,1.0
2014-03-06,19.18,19.3819,19.105,19.38,17.3744008721,13370400.0,0.0,1.0
2014-03-05,18.8,19.19,18.7,19.17,17.1861333704,17568300.0,0.0,1.0
2014-03-04,18.96,19.02,18.65,18.84,16.8902844391,11363400.0,0.0,1.0
2014-03-03,18.7,18.89,18.55,18.71,16.7737378904,9200300.0,0.0,1.0
2014-02-28,19.03,19.04,18.7901,18.96,16.9978658686,14745700.0,0.0,1.0
2014-02-27,19.0,19.07,18.85,19.01,17.0426914643,12154500.0,0.0,1.0
2014-02-26,19.0,19.41,18.94,19.1,17.1233775364,14862900.0,0.0,1.0
2014-02-25,19.13,19.13,18.75,19.02,17.0516565834,12104600.0,0.0,1.0
2014-02-24,19.25,19.38,19.07,19.07,17.0964821791,13388800.0,0.0,1.0
2014-02-21,19.12,19.24,18.91,19.1,17.1233775364,14790200.0,0.0,1.0
2014-02-20,18.7499,19.0,18.72,18.99,17.024761226,16165800.0,0.0,1.0
2014-02-19,18.84,18.99,18.65,18.75,16.8095983669,13025100.0,0.0,1.0
2014-02-18,18.88,18.96,18.71,18.85,16.8992495582,13689100.0,0.0,1.0
2014-02-14,18.72,19.09,18.49,18.96,16.9978658686,22145900.0,0.1,1.0
2014-02-13,17.79,19.0,17.73,18.87,16.8284222949,31620000.0,0.0,1.0
2014-02-12,17.79,18.09,17.755,17.91,15.9722863435,18138300.0,0.0,1.0
2014-02-11,17.34,17.97,17.2,17.78,15.8563512668,23030000.0,0.0,1.0
2014-02-10,17.2,17.295,17.11,17.25,15.3836928769,7728600.0,0.0,1.0
2014-02-07,17.07,17.23,16.935,17.18,15.3212662971,12577000.0,0.0,1.0
2014-02-06,16.91,17.18,16.88,17.05,15.2053312204,7920300.0,0.0,1.0
2014-02-05,16.69,16.96,16.64,16.89,15.0626418951,16304000.0,0.0,1.0
2014-02-04,16.78,16.85,16.65,16.78,14.964542984,18623100.0,0.0,1.0
2014-02-03,16.6,16.83,16.55,16.76,14.9467068184,24873400.0,0.0,1.0
2014-01-31,16.41,16.85,16.4,16.82,15.0002153154,20152200.0,0.0,1.0
2014-01-30,16.92,16.925,16.68,16.78,14.964542984,10336300.0,0.0,1.0
2014-01-29,16.68,16.83,16.62,16.73,14.9199525699,8983500.0,0.0,1.0
2014-01-28,16.68,16.83,16.56,16.75,14.9377887356,9863600.0,0.0,1.0
2014-01-27,17.13,17.21,16.64,16.72,14.9110344871,15391200.0,0.0,1.0
2014-01-24,17.25,17.42,17.07,17.17,15.3123482143,19669900.0,0.0,1.0
2014-01-23,17.51,17.56,17.4,17.53,15.6333991961,8232200.0,0.0,1.0
2014-01-22,17.69,17.72,17.56,17.66,15.7493342728,5769500.0,0.0,1.0
2014-01-21,17.62,17.69,17.47,17.61,15.7047438587,5754100.0,0.0,1.0
2014-01-17,17.56,17.6799,17.415,17.55,15.6512353617,9461200.0,0.0,1.0
2014-01-16,17.87,17.885,17.61,17.63,15.7225800244,6960600.0,0.0,1.0
2014-01-15,17.72,18.08,17.69,17.93,15.9901225092,11834200.0,0.0,1.0
2014-01-14,17.34,17.74,17.3,17.63,15.7225800244,12186600.0,0.0,1.0
2014-01-13,17.39,17.5,17.25,17.32,15.4461194567,9143100.0,0.0,1.0
2014-01-10,17.37,17.51,17.33,17.47,15.5798906991,7970100.0,0.0,1.0
2014-01-09,17.42,17.5,17.32,17.4,15.5174641193,8838000.0,0.0,1.0
2014-01-08,17.4,17.45,17.18,17.42,15.535300285,8026100.0,0.0,1.0
2014-01-07,17.37,17.43,17.255,17.37,15.4907098708,8133200.0,0.0,1.0
2014-01-06,17.5,17.51,17.22,17.29,15.4193652082,9975500.0,0.0,1.0
2014-01-03,17.54,17.7,17.47,17.51,15.6155630304,6773000.0,0.0,1.0
2014-01-02,17.69,17.69,17.37,17.55,15.6512353617,7785900.0,0.0,1.0
2013-12-31,17.53,17.7,17.43,17.68,15.7671704385,5533900.0,0.0,1.0
2013-12-30,17.43,17.55,17.4,17.49,15.5977268648,3601800.0,0.0,1.0
2013-12-27,17.52,17.52,17.36,17.43,15.5442183678,3655700.0,0.0,1.0
2013-12-26,17.41,17.48,17.3849,17.44,15.5531364506,3836300.0,0.0,1.0
2013-12-24,17.43,17.54,17.39,17.39,15.5085460365,4504900.0,0.0,1.0
2013-12-23,17.25,17.53,17.25,17.51,15.6155630304,10214000.0,0.0,1.0
2013-12-20,16.83,17.26,16.83,17.19,15.33018438,17970700.0,0.0,1.0
2013-12-19,16.94,17.03,16.79,16.88,15.0537238123,9392500.0,0.0,1.0
2013-12-18,16.83,17.07,16.69,17.03,15.1874950547,11832300.0,0.0,1.0
2013-12-17,16.63,16.91,16.62,16.8,14.9823791497,8851700.0,0.0,1.0
2013-12-16,16.8,16.81,16.64,16.655,14.8530669487,11428800.0,0.0,1.0
2013-12-13,16.86,16.87,16.63,16.7,14.8931983214,9167100.0,0.0,1.0
2013-12-12,16.83,16.85,16.69,16.72,14.9110344871,9532700.0,0.0,1.0
2013-12-11,16.91,17.02,16.81,16.83,15.0091333982,10718900.0,0.0,1.0
2013-12-10,16.8,16.91,16.61,16.83,15.0091333982,14962400.0,0.0,1.0
2013-12-09,16.81,17.02,16.6,16.83,15.0091333982,15108500.0,0.0,1.0
2013-12-06,16.66,16.84,16.605,16.83,15.0091333982,11892500.0,0.0,1.0
2013-12-05,16.63,16.82,16.41,16.5,14.7148366649,14029600.0,0.0,1.0
2013-12-04,17.11,17.11,16.46,16.61,14.812935576,24734900.0,0.0,1.0
2013-12-03,17.03,17.19,16.81,17.12,15.2677578002,11605000.0,0.0,1.0
2013-12-02,17.27,17.275,17.1,17.11,15.2588397173,7517600.0,0.0,1.0
2013-11-29,17.4,17.45,17.28,17.3,15.4282832911,3493600.0,0.0,1.0
2013-11-27,17.49,17.51,17.27,17.35,15.4728737052,9707000.0,0.0,1.0
2013-11-26,17.26,17.63,17.17,17.52,15.6244811133,12534300.0,0.0,1.0
2013-11-25,17.3,17.31,17.16,17.27,15.4015290426,5810100.0,0.0,1.0
2013-11-22,17.27,17.27,17.075,17.25,15.3836928769,6782100.0,0.0,1.0
2013-11-21,16.88,17.3,16.82,17.265,15.3970700012,13571500.0,0.0,1.0
2013-11-20,16.83,16.97,16.75,16.83,15.0091333982,10679700.0,0.0,1.0
2013-11-19,16.86,17.01,16.76,16.82,15.0002153154,9281500.0,0.1,1.0
2013-11-18,17.38,17.52,16.885,16.94,15.0179460663,15640500.0,0.0,1.0
2013-11-15,17.7,17.74,17.11,17.52,15.5321378443,14485600.0,0.0,1.0
2013-11-14,17.86,17.87,17.5,17.56,15.5675993462,12172700.0,0.0,1.0
2013-11-13,17.53,17.67,17.4,17.67,15.6651184765,11174500.0,0.0,1.0
2013-11-12,17.71,17.76,17.57,17.64,15.63852235,7535700.0,0.0,1.0
2013-11-11,17.75,17.99,17.64,17.8,15.7803683578,9599800.0,0.0,1.0
2013-11-08,17.45,17.795,17.265,17.75,15.7360414803,12424600.0,0.0,1.0
2013-11-07,17.89,17.93,17.325,17.365,15.3947245243,11617200.0,0.0,1.0
2013-11-06,17.85,17.94,17.6,17.92,15.8867528635,7458500.0,0.0,1.0
2013-11-05,17.6,17.9,17.44,17.765,15.7493395436,11222700.0,0.0,1.0
2013-11-04,17.78,17.8,17.61,17.75,15.7360414803,7987800.0,0.0,1.0
2013-11-01,17.85,17.85,17.59,17.7,15.6917146029,9637700.0,0.0,1.0
2013-10-31,17.82,18.05,17.81,17.855,15.8291279229,10982700.0,0.0,1.0
2013-10-30,18.02,18.09,17.74,17.875,15.8468586739,6476000.0,0.0,1.0
2013-10-29,17.85,18.14,17.76,18.005,15.9621085551,11641400.0,0.0,1.0
2013-10-28,17.67,17.81,17.67,17.73,15.7183107294,7463500.0,0.0,1.0
2013-10-25,17.74,17.77,17.555,17.705,15.6961472907,8395100.0,0.0,1.0
2013-10-24,17.67,17.85,17.54,17.82,15.7980991087,12099000.0,0.0,1.0
2013-10-23,17.92,17.98,17.32,17.4,15.4257533385,14888200.0,0.0,1.0
2013-10-22,17.94,18.1,17.855,18.071,16.0206200333,10795700.0,0.0,1.0
2013-10-21,18.1,18.1,17.82,17.87,15.8424259861,8772500.0,0.0,1.0
2013-10-18,18.03,18.1,17.94,18.05,16.0020027448,8948200.0,0.0,1.0
2013-10-17,17.73,18.12,17.715,18.085,16.033031559,11486200.0,0.0,1.0
2013-10-16,17.88,18.17,17.84,17.959,15.9213278279,13369600.0,0.0,1.0
2013-10-15,18.08,18.17,17.81,17.82,15.7980991087,11641500.0,0.0,1.0
2013-10-14,17.88,18.18,17.73,18.1,16.0463296222,9525900.0,0.0,1.0
2013-10-11,17.74,18.09,17.67,18.0,15.9576758674,9161200.0,0.0,1.0
2013-10-10,17.48,17.93,17.45,17.885,15.8557240494,10925800.0,0.0,1.0
2013-10-09,17.57,17.58,17.15,17.34,15.3725610856,13941000.0,0.0,1.0
2013-10-08,17.73,17.92,17.39,17.505,15.518839781,16676600.0,0.0,1.0
2013-10-07,17.34,17.9783,17.25,17.775,15.7582049191,16581100.0,0.0,1.0
2013-10-04,17.33,17.66,17.315,17.57,15.5764647217,11027200.0,0.0,1.0
2013-10-03,17.5,17.51,17.24,17.33,15.3636957101,13018900.0,0.0,1.0
2013-10-02,17.41,17.715,17.3,17.51,15.5232724688,16213800.0,0.0,1.0
2013-10-01,17.58,17.59,17.28,17.47,15.4878109669,13296800.0,0.0,1.0
2013-09-30,17.4,17.655,17.3,17.531,15.5418897573,15514100.0,0.0,1.0
2013-09-27,17.67,17.775,17.377,17.6,15.6030608481,14484200.0,0.0,1.0
2013-09-26,17.86,17.9,17.58,17.77,15.7537722313,16844800.0,0.0,1.0
2013-09-25,17.28,17.94,17.25,17.84,15.8158298597,34664700.0,0.0,1.0
2013-09-24,17.33,17.52,16.95,17.445,15.4656475281,88903900.0,0.0,1.0
2013-09-23,15.87,16.07,15.83,15.991,14.1766219331,10665700.0,0.0,1.0
2013-09-20,16.07,16.24,15.89,15.93,14.1225431426,12211300.0,0.0,1.0
2013-09-19,16.28,16.43,16.08,16.085,14.2599564626,7989400.0,0.0,1.0
2013-09-18,15.89,16.23,15.82,16.215,14.3752063439,10683000.0,0.0,1.0
2013-09-17,15.95,16.0,15.87,15.905,14.1003797039,10549000.0,0.0,1.0
2013-09-16,16.08,16.165,15.91,15.95,14.1402738936,10413600.0,0.0,1.0
2013-09-13,15.94,16.02,15.76,15.91,14.1048123917,7920600.0,0.0,1.0
2013-09-12,15.95,16.0,15.83,15.93,14.1225431426,8891700.0,0.0,1.0
2013-09-11,15.99,16.03,15.755,15.93,14.1225431426,11350700.0,0.0,1.0
2013-09-10,15.67,15.99,15.64,15.98,14.1668700201,8639400.0,0.0,1.0
2013-09-09,15.53,15.62,15.46,15.585,13.8166876885,10043300.0,0.0,1.0
2013-09-06,15.69,15.7,15.35,15.51,13.7501973724,10748200.0,0.0,1.0
2013-09-05,15.63,15.695,15.52,15.675,13.8964760679,9344700.0,0.0,1.0
2013-09-04,15.09,15.62,15.08,15.615,13.843283815,15005000.0,0.0,1.0
2013-09-03,15.2,15.29,14.99,15.11,13.3955823531,8697700.0,0.0,1.0
2013-08-30,15.1,15.12,14.85,15.01,13.3069285983,9689300.0,0.0,1.0
2013-08-29,14.92,15.15,14.9,15.14,13.4221784796,12229800.0,0.0,1.0
2013-08-28,15.05,15.14,14.96,14.965,13.2670344086,12505900.0,0.0,1.0
2013-08-27,15.3,15.325,15.02,15.069,13.3592343137,10480900.0,0.0,1.0
2013-08-26,15.6,15.68,15.41,15.45,13.6970051195,7602600.0,0.0,1.0
2013-08-23,15.74,15.75,15.54,15.62,13.8477165027,7075900.0,0.0,1.0
2013-08-22,15.61,15.74,15.58,15.66,13.8831780046,9568300.0,0.0,1.0
2013-08-21,15.5,15.73,15.44,15.55,13.7856588743,11539300.0,0.0,1.0
2013-08-20,15.49,15.62,15.375,15.56,13.7945242498,9276000.0,0.1,1.0
2013-08-19,15.5,15.68,15.34,15.55,13.697627847,16067100.0,0.0,1.0
2013-08-16,15.22,16.06,15.04,15.62,13.7592891943,30578100.0,0.0,1.0
2013-08-15,15.42,15.59,15.28,15.325,13.4994306595,11225700.0,0.0,1.0
2013-08-14,15.64,15.775,15.52,15.73,13.856185597,12888500.0,0.0,1.0
2013-08-13,15.76,15.79,15.42,15.73,13.856185597,7797600.0,0.0,1.0
2013-08-12,15.62,15.75,15.58,15.65,13.7857154859,8656600.0,0.0,1.0
2013-08-09,15.56,15.69,15.47,15.67,13.8033330137,10719500.0,0.0,1.0
2013-08-08,16.02,16.02,15.58,15.65,13.7857154859,19917900.0,0.0,1.0
2013-08-07,16.07,16.16,15.88,15.89,13.9971258193,11614700.0,0.0,1.0
2013-08-06,16.13,16.285,16.07,16.16,14.2349624443,8928000.0,0.0,1.0
2013-08-05,16.18,16.34,16.05,16.1,14.1821098609,8098300.0,0.0,1.0
2013-08-02,16.36,16.415,16.22,16.32,14.3759026665,10730300.0,0.0,1.0
2013-08-01,16.45,16.64,16.38,16.49,14.5256516526,10080400.0,0.0,1.0
2013-07-31,16.27,16.46,16.18,16.315,14.3714982845,10145000.0,0.0,1.0
2013-07-30,16.2,16.46,16.15,16.27,14.331858847,10455500.0,0.0,1.0
2013-07-29,16.05,16.215,16.0,16.02,14.1116397498,5858000.0,0.0,1.0
2013-07-26,15.97,16.13,15.915,16.13,14.2085361526,6531300.0,0.0,1.0
2013-07-25,16.06,16.185,15.92,16.13,14.2085361526,6567900.0,0.0,1.0
2013-07-24,16.33,16.44,16.05,16.1,14.1821098609,8419600.0,0.0,1.0
2013-07-23,16.38,16.51,16.23,16.26,14.3230500831,9116600.0,0.0,1.0
2013-07-22,16.71,16.71,16.27,16.35,14.4023289581,8969400.0,0.0,1.0
2013-07-19,16.64,16.64,16.39,16.56,14.5873129998,8097400.0,0.0,1.0
2013-07-18,16.64,16.7,16.405,16.56,14.5873129998,10658200.0,0.0,1.0
2013-07-17,16.64,16.78,16.57,16.69,14.7018269304,7863900.0,0.0,1.0
2013-07-16,16.55,16.71,16.5,16.575,14.6005261456,8318800.0,0.0,1.0
2013-07-15,16.61,16.72,16.45,16.47,14.5080341248,9482200.0,0.0,1.0
2013-07-12,16.46,16.66,16.43,16.66,14.6754006387,10329400.0,0.0,1.0
2013-07-11,16.47,16.5,16.28,16.49,14.5256516526,14302300.0,0.0,1.0
2013-07-10,15.6,16.465,15.6,16.3,14.3582851387,30007600.0,0.0,1.0
2013-07-09,15.41,15.73,15.37,15.66,13.7945242498,26328800.0,0.0,1.0
2013-07-08,15.36,15.41,15.04,15.14,13.3364685276,10152800.0,0.0,1.0
2013-07-05,15.12,15.31,14.97,15.22,13.4069386387,8382900.0,0.0,1.0
2013-07-03,14.74,15.0475,14.67,15.0,13.2131458332,5556600.0,0.0,1.0
2013-07-02,14.78,14.99,14.68,14.82,13.0545880832,9789100.0,0.0,1.0
2013-07-01,15.06,15.18,14.79,14.815,13.0501837012,8993800.0,0.0,1.0
2013-06-28,14.87,14.99,14.62,14.92,13.142675722,25016600.0,0.0,1.0
2013-06-27,15.13,15.1399,14.88,14.91,13.1338669582,9374800.0,0.0,1.0
2013-06-26,15.37,15.42,14.92,14.965,13.1823151595,18520800.0,0.0,1.0
2013-06-25,15.1,15.32,15.02,15.27,13.4509824582,12763100.0,0.0,1.0
2013-06-24,14.96,15.06,14.81,14.98,13.1955283054,14138800.0,0.0,1.0
2013-06-21,15.07,15.19,14.79,15.075,13.2792115623,22344300.0,0.0,1.0
2013-06-20,15.51,15.53,15.02,15.07,13.2748071804,18635500.0,0.0,1.0
2013-06-19,15.97,16.05,15.66,15.7,13.8297593054,19500400.0,0.0,1.0
2013-06-18,15.77,16.09,15.77,15.97,14.0675959304,13865400.0,0.0,1.0
2013-06-17,15.56,15.895,15.56,15.78,13.9002294165,13251000.0,0.0,1.0
2013-06-14,15.62,15.745,15.38,15.41,13.5743051526,10417700.0,0.0,1.0
2013-06-13,15.29,15.605,15.235,15.6,13.7416716665,11424400.0,0.0,1.0
2013-06-12,15.61,15.81,15.1601,15.25,13.4333649304,24026500.0,0.0,1.0
2013-06-11,15.34,15.44,15.17,15.19,13.380512347,8689400.0,0.0,1.0
2013-06-10,15.5,15.6,15.37,15.46,13.618348972,9489600.0,0.0,1.0
2013-06-07,15.03,15.52,15.01,15.49,13.6447752637,12485500.0,0.0,1.0
2013-06-06,15.2,15.24,14.875,14.95,13.1691020137,16828700.0,0.0,1.0
2013-06-05,15.52,15.54,15.12,15.145,13.3408729095,16748800.0,0.0,1.0
2013-06-04,15.45,15.64,15.4,15.54,13.6888190831,19216700.0,0.0,1.0
2013-06-03,15.21,15.5,15.2,15.43,13.5919226804,21290400.0,0.0,1.0
2013-05-31,15.17,15.39,15.16,15.2,13.3893211109,22089500.0,0.0,1.0
2013-05-30,14.85,15.43,14.84,15.25,13.4333649304,19744900.0,0.0,1.0
2013-05-29,14.78,14.94,14.72,14.8,13.0369705554,12546100.0,0.0,1.0
2013-05-28,14.66,14.91,14.62,14.87,13.0986319026,12792800.0,0.0,1.0
2013-05-24,14.5,14.6,14.46,14.5,12.7727076387,10009200.0,0.0,1.0
2013-05-23,14.43,14.63,14.34,14.6,12.8607952776,15548800.0,0.0,1.0
2013-05-22,14.66,14.9,14.45,14.54,12.8079426943,10787500.0,0.0,1.0
2013-05-21,14.83,14.91,14.66,14.67,12.9224566248,13243200.0,0.1,1.0
2013-05-20,14.9,15.03,14.84,14.91,13.0449443653,9654300.0,0.0,1.0
2013-05-17,14.56,14.96,14.435,14.96,13.088689987,22522900.0,0.0,1.0
2013-05-16,14.84,14.93,14.32,14.66,12.8262162573,22150900.0,0.0,1.0
2013-05-15,14.77,15.0,14.69,14.8,12.9487039978,15612700.0,0.0,1.0
2013-05-14,14.95,15.0,14.73,14.79,12.9399548735,16563900.0,0.0,1.0
2013-05-13,14.92,14.95,14.68,14.69,12.8524636302,8557300.0,0.0,1.0
2013-05-10,14.85,14.98,14.85,14.97,13.0974391113,6112100.0,0.0,1.0
2013-05-09,14.86,15.0,14.82,14.92,13.0536934897,9214100.0,0.0,1.0
2013-05-08,14.7,14.98,14.561,14.85,12.9924496194,14143900.0,0.0,1.0
2013-05-07,14.84,14.845,14.7,14.72,12.8787110032,8008900.0,0.0,1.0
2013-05-06,14.84,14.92,14.71,14.81,12.9574531221,8393500.0,0.0,1.0
2013-05-03,14.89,15.18,14.79,14.83,12.9749513708,15303800.0,0.0,1.0
2013-05-02,14.47,14.8,14.41,14.79,12.9399548735,14534600.0,0.0,1.0
2013-05-01,14.5,14.745,14.44,14.47,12.6599828951,13788200.0,0.0,1.0
2013-04-30,14.37,14.51,14.29,14.51,12.6949793924,10094900.0,0.0,1.0
2013-04-29,14.15,14.44,14.07,14.4,12.5987390249,16446800.0,0.0,1.0
2013-04-26,13.91,14.22,13.8,14.14,12.3712617925,17233900.0,0.0,1.0
2013-04-25,13.74,14.2,13.67,14.15,12.3800109168,20829700.0,0.0,1.0
2013-04-24,13.41,13.66,13.39,13.63,11.925056452,10010100.0,0.0,1.0
2013-04-23,13.18,13.49,13.14,13.43,11.7500739656,10313800.0,0.0,1.0
2013-04-22,12.94,13.15,12.85,13.08,11.4438546143,11135400.0,0.0,1.0
2013-04-19,12.83,13.02,12.65,12.93,11.3126177494,12634800.0,0.0,1.0
2013-04-18,13.17,13.23,12.89,12.92,11.3038686251,13911400.0,0.0,1.0
2013-04-17,13.27,13.43,13.0,13.045,11.4132326791,16516400.0,0.0,1.0
2013-04-16,13.37,13.5,13.34,13.46,11.7763213385,10697100.0,0.0,1.0
2013-04-15,13.49,13.65,13.23,13.31,11.6450844737,16472400.0,0.0,1.0
2013-04-12,13.77,13.79,13.51,13.63,11.925056452,6933300.0,0.0,1.0
2013-04-11,13.73,13.97,13.7,13.795,12.0694170033,11024700.0,0.0,1.0
2013-04-10,13.3,13.83,13.27,13.81,12.0825406898,15002400.0,0.0,1.0
2013-04-09,13.34,13.48,13.2,13.3,11.6363353494,13917200.0,0.0,1.0
2013-04-08,13.17,13.42,12.96,13.38,11.706328344,15210500.0,0.0,1.0
2013-04-05,13.02,13.215,12.91,13.2,11.5488441061,10349000.0,0.0,1.0
2013-04-04,13.1,13.24,13.03,13.22,11.5663423548,7399800.0,0.0,1.0
2013-04-03,13.24,13.24,13.02,13.15,11.5050984845,14428100.0,0.0,1.0
2013-04-02,13.46,13.46,13.19,13.241,11.5847155159,8535600.0,0.0,1.0
2013-04-01,13.48,13.49,13.27,13.36,11.6888300953,11026400.0,0.0,1.0
2013-03-28,13.42,13.54,13.33,13.48,11.7938195872,11878200.0,0.0,1.0
2013-03-27,13.3,13.42,13.09,13.41,11.7325757169,10585500.0,0.0,1.0
2013-03-26,13.4,13.49,13.32,13.4,11.7238265926,10751100.0,0.0,1.0
2013-03-25,13.37,13.4,13.23,13.32,11.653833598,10630700.0,0.0,1.0
2013-03-22,13.0,13.28,13.0,13.26,11.6013388521,13933500.0,0.0,1.0
2013-03-21,13.1,13.13,12.92,12.96,11.3388651224,10005400.0,0.0,1.0
2013-03-20,13.03,13.22,12.93,13.18,11.5313458575,12832900.0,0.0,1.0
2013-03-19,13.05,13.09,12.8,12.96,11.3388651224,18027200.0,0.0,1.0
2013-03-18,13.13,13.2,13.0,13.05,11.4176072413,9798200.0,0.0,1.0
2013-03-15,13.6,13.71,13.26,13.305,11.6407099115,17885900.0,0.0,1.0
2013-03-14,13.63,13.76,13.63,13.675,11.9644275115,7978700.0,0.0,1.0
2013-03-13,13.45,13.65,13.34,13.63,11.925056452,10364600.0,0.0,1.0
2013-03-12,13.45,13.55,13.335,13.4,11.7238265926,8362800.0,0.0,1.0
2013-03-11,13.48,13.56,13.435,13.52,11.8288160845,7355400.0,0.0,1.0
2013-03-08,13.64,13.67,13.4,13.54,11.8463143331,11335000.0,0.0,1.0
2013-03-07,13.65,13.775,13.45,13.545,11.8506888953,15011300.0,0.0,1.0
2013-03-06,13.8,13.87,13.645,13.67,11.9600529493,11513200.0,0.0,1.0
2013-03-05,13.65,13.78,13.62,13.74,12.0212968196,9723400.0,0.0,1.0
2013-03-04,13.56,13.6,13.425,13.57,11.8725617061,8107000.0,0.0,1.0
2013-03-01,13.58,13.68,13.4,13.59,11.8900599547,12821000.0,0.0,1.0
2013-02-28,13.74,13.86,13.67,13.705,11.9906748844,13483900.0,0.0,1.0
2013-02-27,13.6,13.83,13.55,13.74,12.0212968196,15463200.0,0.0,1.0
2013-02-26,13.5,13.67,13.37,13.63,11.925056452,22783500.0,0.0,1.0
2013-02-25,13.67,13.8,13.22,13.23,11.5750914791,15608600.0,0.0,1.0
2013-02-22,13.33,13.595,13.3,13.57,11.8725617061,9134300.0,0.0,1.0
2013-02-21,13.51,13.52,13.09,13.25,11.5925897278,17873600.0,0.0,1.0
2013-02-20,13.9,13.91,13.56,13.59,11.8900599547,13893400.0,0.0,1.0
2013-02-19,13.71,13.95,13.67,13.89,12.1525336844,10944100.0,0.0,1.0
2013-02-15,13.83,13.9,13.63,13.74,12.0212968196,10918200.0,0.09,1.0
2013-02-14,13.86,13.99,13.65,13.89,12.0734499511,20125200.0,0.0,1.0
2013-02-13,13.77,13.79,13.615,13.77,11.969143688,11664800.0,0.0,1.0
2013-02-12,13.67,13.69,13.47,13.66,11.8735296135,11712600.0,0.0,1.0
2013-02-11,13.56,13.75,13.48,13.66,11.8735296135,13240600.0,0.0,1.0
2013-02-08,13.41,13.68,13.36,13.61,11.8300686706,16950500.0,0.0,1.0
2013-02-07,13.39,13.405,13.111,13.3,11.5606108243,14791600.0,0.0,1.0
2013-02-06,13.32,13.44,13.25,13.4,11.6475327102,14286200.0,0.0,1.0
2013-02-05,13.06,13.45,13.04,13.42,11.6649170874,23279300.0,0.0,1.0
2013-02-04,13.02,13.28,12.99,13.0,11.2998451666,13451900.0,0.0,1.0
2013-02-01,12.93,13.19,12.87,13.17,11.4476123727,17042500.0,0.0,1.0
2013-01-31,12.85,12.98,12.795,12.91,11.2216154693,9730300.0,0.0,1.0
2013-01-30,12.76,12.94,12.73,12.86,11.1781545264,10831500.0,0.0,1.0
2013-01-29,12.89,12.9,12.73,12.8,11.1260013948,9317300.0,0.0,1.0
2013-01-28,12.87,13.04,12.82,12.96,11.2650764123,11216100.0,0.0,1.0
2013-01-25,12.76,12.98,12.74,12.83,11.1520779606,18953100.0,0.0,1.0
2013-01-24,12.7,12.79,12.57,12.6,10.952157623,10370800.0,0.0,1.0
2013-01-23,12.74,12.74,12.59,12.7,11.0390795089,11479900.0,0.0,1.0
2013-01-22,12.59,12.73,12.54,12.71,11.0477716975,14624600.0,0.0,1.0
2013-01-18,12.5,12.89,12.41,12.65,10.995618566,48524600.0,0.0,1.0
2013-01-17,11.95,12.45,11.94,12.4,10.7783138512,27137200.0,0.0,1.0
2013-01-16,11.74,12.05,11.7,11.93,10.3697809875,15492500.0,0.0,1.0
2013-01-15,11.72,11.82,11.6,11.77,10.2307059701,10354600.0,0.0,1.0
2013-01-14,11.67,11.79,11.59,11.75,10.2133215929,7886000.0,0.0,1.0
2013-01-11,11.67,11.74,11.63,11.71,10.1785528386,8091600.0,0.0,1.0
2013-01-10,11.72,11.85,11.62,11.64,10.1177075184,10049100.0,0.0,1.0
2013-01-09,11.52,11.72,11.49,11.68,10.1524762728,11170300.0,0.0,1.0
2013-01-08,11.58,11.65,11.48,11.51,10.0047090668,8260500.0,0.0,1.0
2013-01-07,11.47,11.71,11.39,11.67,10.1437840842,14497900.0,0.0,1.0
2013-01-04,11.82,11.865,11.71,11.81,10.2654747245,7446400.0,0.0,1.0
2013-01-03,11.84,11.9,11.7,11.81,10.2654747245,8741500.0,0.0,1.0
2013-01-02,11.64,11.84,11.61,11.835,10.2872051959,12963700.0,0.0,1.0
2012-12-31,11.25,11.44,11.2,11.44,9.94386374663,9255000.0,0.0,1.0
2012-12-28,11.25,11.38,11.22,11.26,9.78740435202,10012200.0,0.0,1.0
2012-12-27,11.37,11.45,11.19,11.35,9.86563404932,11111400.0,0.0,1.0
2012-12-26,11.37,11.45,11.3,11.39,9.90040280368,8168900.0,0.0,1.0
2012-12-24,11.39,11.49,11.3,11.37,9.8830184265,5279500.0,0.0,1.0
2012-12-21,11.2,11.5,11.02,11.5,9.99601687817,31340200.0,0.0,1.0
2012-12-20,11.34,11.39,11.2,11.38,9.89171061509,9755900.0,0.0,1.0
2012-12-19,11.24,11.38,11.22,11.34,9.85694186074,11180100.0,0.0,1.0
2012-12-18,11.09,11.25,11.02,11.18,9.7178668433,10522600.0,0.0,1.0
2012-12-17,11.09,11.17,10.99,11.105,9.65267542888,9299300.0,0.0,1.0
2012-12-14,11.03,11.18,11.01,11.08,9.6309449574,7604500.0,0.0,1.0
2012-12-13,11.14,11.22,10.94,11.11,9.65702152317,14793200.0,0.0,1.0
2012-12-12,11.11,11.25,11.08,11.09,9.63963714599,11821900.0,0.0,1.0
2012-12-11,11.1,11.195,11.06,11.08,9.6309449574,10379400.0,0.0,1.0
2012-12-10,10.92,11.13,10.91,11.05,9.60486839163,9550300.0,0.0,1.0
2012-12-07,10.93,10.98,10.83,10.965,9.53098478862,8275000.0,0.0,1.0
2012-12-06,10.8,10.89,10.74,10.89,9.4657933742,8415100.0,0.0,1.0
2012-12-05,10.87,10.93,10.77,10.8,9.38756367689,10727000.0,0.0,1.0
2012-12-04,10.69,10.89,10.63,10.875,9.45275509131,12033400.0,0.0,1.0
2012-12-03,10.78,10.85,10.65,10.66,9.26587303663,9273100.0,0.0,1.0
2012-11-30,10.74,10.795,10.695,10.73,9.32671835676,13237800.0,0.0,1.0
2012-11-29,10.66,10.8,10.65,10.74,9.33541054535,9554700.0,0.0,1.0
2012-11-28,10.33,10.62,10.24,10.6,9.2137199051,11383300.0,0.0,1.0
2012-11-27,10.4,10.5,10.36,10.36,9.00510737894,9574000.0,0.0,1.0
2012-11-26,10.35,10.56,10.34,10.465,9.09637535914,9730500.0,0.0,1.0
2012-11-23,10.44,10.55,10.35,10.4,9.0398761333,6927300.0,0.0,1.0
2012-11-21,10.35,10.5,10.29,10.43,9.06595269907,8699700.0,0.0,1.0
2012-11-20,10.32,10.39,10.24,10.385,9.02683785042,10707600.0,0.0,1.0
2012-11-19,10.16,10.425,10.12,10.36,9.00510737894,15542400.0,0.09,1.0
2012-11-16,10.32,10.34,9.95,10.15,8.74658754988,24263200.0,0.0,1.0
2012-11-15,10.38,10.47,10.24,10.3003,8.87610598424,15464800.0,0.0,1.0
2012-11-14,10.57,10.57,10.32,10.36,8.92755143022,13551300.0,0.0,1.0
2012-11-13,10.55,10.66,10.43,10.48,9.03095936185,11151100.0,0.0,1.0
2012-11-12,10.69,10.76,10.61,10.63,9.16021927638,8005400.0,0.0,1.0
2012-11-09,10.52,10.8,10.51,10.67,9.19468858692,11434100.0,0.0,1.0
2012-11-08,10.92,10.98,10.5,10.5,9.04819401712,23188100.0,0.0,1.0
2012-11-07,11.3,11.3,10.9,10.95,9.43597376071,17878700.0,0.0,1.0
2012-11-06,11.11,11.51,11.07,11.46,9.87545747011,17001000.0,0.0,1.0
2012-11-05,10.71,11.14,10.71,11.09,9.55661634761,11931800.0,0.0,1.0
2012-11-02,10.95,10.98,10.74,10.81,9.31533117382,13419900.0,0.0,1.0
2012-11-01,10.63,11.05,10.59,10.95,9.43597376071,21400100.0,0.0,1.0
2012-10-31,10.65,10.72,10.54,10.6,9.13436729347,12630000.0,0.0,1.0
2012-10-26,10.71,10.77,10.6,10.65,9.17745393165,15165300.0,0.0,1.0
2012-10-25,10.75,10.85,10.63,10.68,9.20330591456,16366900.0,0.0,1.0
2012-10-24,10.9,10.91,10.67,10.69,9.21192324219,11885900.0,0.0,1.0
2012-10-23,10.75,10.85,10.62,10.8,9.30671384618,12121300.0,0.0,1.0
2012-10-22,10.81,10.94,10.78,10.86,9.35841781199,12093800.0,0.0,1.0
2012-10-19,11.21,11.21,10.78,10.84,9.34118315672,17085000.0,0.0,1.0
2012-10-18,11.14,11.23,11.1,11.19,9.64278962396,13693700.0,0.0,1.0
2012-10-17,11.12,11.22,11.09,11.16,9.61693764105,14302500.0,0.0,1.0
2012-10-16,10.99,11.29,10.97,11.2,9.65140695159,13193100.0,0.0,1.0
2012-10-15,10.91,10.99,10.85,10.96,9.44459108835,12561700.0,0.0,1.0
2012-10-12,10.92,11.03,10.87,10.9,9.39288712253,10173300.0,0.0,1.0
2012-10-11,11.0,11.045,10.91,10.95,9.43597376071,8278600.0,0.0,1.0
2012-10-10,10.93,11.03,10.86,10.9,9.39288712253,12980000.0,0.0,1.0
2012-10-09,10.99,11.01,10.8525,10.9,9.39288712253,11723900.0,0.0,1.0
2012-10-08,11.08,11.08,10.97,11.01,9.48767772652,9569500.0,0.0,1.0
2012-10-05,11.12,11.26,11.1,11.13,9.59108565815,9167300.0,0.0,1.0
2012-10-04,11.18,11.19,11.02,11.1,9.56523367524,17241000.0,0.0,1.0
2012-10-03,11.2,11.25,11.12,11.16,9.61693764105,10492000.0,0.0,1.0
2012-10-02,11.19,11.22,11.06,11.17,9.62555496869,11260500.0,0.0,1.0
2012-10-01,11.18,11.32,11.08,11.125,9.58677699433,10458700.0,0.0,1.0
2012-09-28,11.22,11.26,11.09,11.165,9.62124630487,13132400.0,0.0,1.0
2012-09-27,11.18,11.37,11.09,11.285,9.7246542365,10122900.0,0.0,1.0
2012-09-26,11.17,11.2,10.98,11.135,9.59539432196,10778700.0,0.0,1.0
2012-09-25,11.44,11.44,11.13,11.15,9.60832031342,11539400.0,0.0,1.0
2012-09-24,11.43,11.43,11.31,11.355,9.78497552994,8301500.0,0.0,1.0
2012-09-21,11.49,11.57,11.39,11.445,9.86253147866,17086100.0,0.0,1.0
2012-09-20,11.44,11.47,11.31,11.44,9.85822281484,10002200.0,0.0,1.0
2012-09-19,11.49,11.56,11.36,11.5,9.90992678066,17402700.0,0.0,1.0
2012-09-18,11.9,11.91,11.66,11.71,10.090890661,14625500.0,0.0,1.0
2012-09-17,12.02,12.03,11.85,11.94,10.2890891966,10783000.0,0.0,1.0
2012-09-14,11.85,12.07,11.8,12.045,10.3795711368,23667800.0,0.0,1.0
2012-09-13,11.58,11.86,11.51,11.845,10.2072245841,14894900.0,0.0,1.0
2012-09-12,11.68,11.74,11.57,11.6,9.99610005701,11643000.0,0.0,1.0
2012-09-11,11.67,11.77,11.57,11.65,10.0391866952,12645100.0,0.0,1.0
2012-09-10,11.86,11.87,11.67,11.685,10.0693473419,13561700.0,0.0,1.0
2012-09-07,11.7,11.86,11.64,11.86,10.2201505755,16147200.0,0.0,1.0
2012-09-06,11.76,11.95,11.75,11.905,10.2589285499,19311500.0,0.0,1.0
2012-09-05,11.8,11.89,11.66,11.72,10.0995079886,12779000.0,0.0,1.0
2012-09-04,11.65,11.82,11.5575,11.74,10.1167426439,17396300.0,0.0,1.0
2012-08-31,11.58,11.765,11.545,11.69,10.0736560057,10945800.0,0.0,1.0
2012-08-30,11.61,11.6283,11.45,11.47,9.88407479775,9928500.0,0.0,1.0
2012-08-29,11.63,11.76,11.52,11.7,10.0822733334,9637800.0,0.0,1.0
2012-08-28,11.57,11.71,11.53,11.63,10.0219520399,12072100.0,0.0,1.0
2012-08-27,11.79,11.8,11.59,11.62,10.0133347123,12800000.0,0.0,1.0
2012-08-24,11.73,11.8,11.66,11.77,10.1425946268,10976200.0,0.0,1.0
2012-08-23,11.76,11.85,11.68,11.795,10.1641379459,10745700.0,0.0,1.0
2012-08-22,11.8,11.89,11.72,11.78,10.1512119544,13170500.0,0.0,1.0
2012-08-21,11.89,11.99,11.73,11.78,10.1512119544,12443400.0,0.09,1.0
2012-08-20,11.96,12.02,11.88,11.97,10.236731853,11226300.0,0.0,1.0
2012-08-17,11.98,12.0,11.82,12.0,10.2623878225,11957400.0,0.0,1.0
2012-08-16,11.34,12.05,11.3,11.98,10.2452838428,25910800.0,0.0,1.0
2012-08-15,11.73,11.91,11.72,11.8,10.0913480255,9283700.0,0.0,1.0
2012-08-14,11.9,11.95,11.68,11.71,10.0143801168,9029500.0,0.0,1.0
2012-08-13,11.91,11.95,11.76,11.81,10.0999000153,8571800.0,0.0,1.0
2012-08-10,11.88,11.97,11.8,11.95,10.2196278733,7784100.0,0.0,1.0
2012-08-09,11.9,12.0,11.85,11.89,10.1683159341,11797900.0,0.0,1.0
2012-08-08,11.76,11.96,11.71,11.92,10.1939719037,8952800.0,0.0,1.0
2012-08-07,11.59,11.89,11.45,11.87,10.1512119544,20459500.0,0.0,1.0
2012-08-06,11.29,11.47,11.25,11.28,9.64664455317,11821100.0,0.0,1.0
2012-08-03,11.07,11.25,11.0,11.22,9.59533261406,8498200.0,0.0,1.0
2012-08-02,10.78,11.1025,10.72,10.92,9.3387729185,11871300.0,0.0,1.0
2012-08-01,10.94,10.98,10.79,10.92,9.3387729185,10289000.0,0.0,1.0
2012-07-31,10.85,11.01,10.84,10.89,9.31311694894,9428900.0,0.0,1.0
2012-07-30,10.96,11.0,10.77,10.82,9.25325301997,12880700.0,0.0,1.0
2012-07-27,10.72,10.94,10.61,10.895,9.31739294387,10893100.0,0.0,1.0
2012-07-26,10.7,10.785,10.51,10.64,9.09931720264,11533600.0,0.0,1.0
2012-07-25,10.41,10.66,10.38,10.47,8.95393337515,15145300.0,0.0,1.0
2012-07-24,10.46,10.5,10.26,10.38,8.87696546648,10328000.0,0.0,1.0
2012-07-23,10.32,10.55,10.215,10.49,8.97103735485,10927400.0,0.0,1.0
2012-07-20,10.68,10.73,10.46,10.51,8.98814133456,11763300.0,0.0,1.0
2012-07-19,10.69,10.84,10.57,10.695,9.14635314682,12960400.0,0.0,1.0
2012-07-18,10.34,10.69,10.34,10.68,9.13352516204,11226900.0,0.0,1.0
2012-07-17,10.42,10.47,10.25,10.39,8.88551745633,10582700.0,0.0,1.0
2012-07-16,10.48,10.48,10.31,10.375,8.87268947156,7929100.0,0.0,1.0
2012-07-13,10.37,10.52,10.35,10.48,8.962485365,10460600.0,0.0,1.0
2012-07-12,10.47,10.505,10.29,10.37,8.86841347663,14315400.0,0.0,1.0
2012-07-11,10.65,10.695,10.51,10.57,9.03945327367,10875300.0,0.0,1.0
2012-07-10,10.51,10.93,10.4,10.71,9.1591811316,23012000.0,0.0,1.0
2012-07-09,11.05,11.11,10.93,11.01,9.41574082716,9766200.0,0.0,1.0
2012-07-06,11.26,11.26,10.96,11.04,9.44139679672,12733200.0,0.0,1.0
2012-07-05,11.41,11.49,11.25,11.32,9.68085251258,11933600.0,0.0,1.0
2012-07-03,11.25,11.47,11.23,11.47,9.80913236036,4511800.0,0.0,1.0
2012-07-02,11.44,11.45,11.21,11.28,9.64664455317,8925400.0,0.0,1.0
2012-06-29,11.295,11.47,11.26,11.445,9.78775238573,11453600.0,0.0,1.0
2012-06-28,11.02,11.11,10.92,11.09,9.48415674598,10423200.0,0.0,1.0
2012-06-27,11.04,11.195,10.99,11.13,9.51836470539,8149000.0,0.0,1.0
2012-06-26,10.94,11.06,10.91,10.985,9.39436085253,11751600.0,0.0,1.0
2012-06-25,11.12,11.13,10.9,10.935,9.35160090327,13901500.0,0.0,1.0
2012-06-22,11.24,11.32,11.14,11.235,9.60816059884,23737900.0,0.0,1.0
2012-06-21,11.51,11.7,11.13,11.17,9.5525726648,18374000.0,0.0,1.0
2012-06-20,11.46,11.585,11.38,11.55,9.87754827918,23143600.0,0.0,1.0
2012-06-19,11.06,11.25,11.0,11.175,9.55684865972,11712400.0,0.0,1.0
2012-06-18,10.94,11.06,10.91,11.0,9.40718883731,11441900.0,0.0,1.0
2012-06-15,10.83,11.02,10.67,10.99,9.39863684746,18900800.0,0.0,1.0
2012-06-14,10.78,10.84,10.65,10.78,9.21904506057,13373400.0,0.0,1.0
2012-06-13,10.79,10.94,10.72,10.76,9.20194108086,12389100.0,0.0,1.0
2012-06-12,10.61,10.85,10.58,10.83,9.26180500983,13340100.0,0.0,1.0
2012-06-11,10.9,10.9,10.58,10.585,9.05228125845,11645800.0,0.0,1.0
2012-06-08,10.59,10.799,10.56,10.76,9.20194108086,11764600.0,0.0,1.0
2012-06-07,10.77,10.8,10.57,10.61,9.07366123308,17349300.0,0.0,1.0
2012-06-06,10.39,10.67,10.39,10.645,9.10359319756,16207700.0,0.0,1.0
2012-06-05,10.06,10.32,10.06,10.285,8.79572156289,16388200.0,0.0,1.0
2012-06-04,10.08,10.16,9.985,10.1,8.63750975062,14961500.0,0.0,1.0
2012-06-01,10.19,10.27,9.97,10.005,8.55626584703,28393400.0,0.0,1.0
2012-05-31,10.45,10.46,10.26,10.33,8.83420551722,21572400.0,0.0,1.0
2012-05-30,10.59,10.67,10.44,10.46,8.9453813853,19425900.0,0.0,1.0
2012-05-29,10.64,10.77,10.57,10.71,9.1591811316,13307500.0,0.0,1.0
2012-05-25,10.41,10.63,10.4,10.54,9.01379730412,10078200.0,0.0,1.0
2012-05-24,10.66,10.7,10.26,10.38,8.87696546648,20934100.0,0.0,1.0
2012-05-23,10.59,10.72,10.41,10.67,9.12497317219,16400000.0,0.0,1.0
2012-05-22,10.53,10.68,10.3,10.54,9.01379730412,14803000.0,0.09,1.0
2012-05-21,10.36,10.685,10.36,10.66,9.03923605474,17115800.0,0.0,1.0
2012-05-18,10.46,10.67,10.35,10.36,8.78484854851,16363200.0,0.0,1.0
2012-05-17,10.67,10.735,10.48,10.48,8.886603551,14533300.0,0.0,1.0
2012-05-16,10.82,10.9,10.65,10.66,9.03923605474,12209000.0,0.0,1.0
2012-05-15,10.88,11.03,10.78,10.81,9.16642980785,12692300.0,0.0,1.0
2012-05-14,10.91,11.04,10.85,10.95,9.28514397743,8960900.0,0.0,1.0
2012-05-11,11.04,11.15,10.97,10.98,9.31058272805,15742100.0,0.0,1.0
2012-05-10,11.14,11.23,10.99,11.06,9.37841939638,16032300.0,0.0,1.0
2012-05-09,11.01,11.16,10.9,11.08,9.39537856346,12048100.0,0.0,1.0
2012-05-08,11.09,11.21,10.96,11.16,9.46321523179,13724200.0,0.0,1.0
2012-05-07,11.18,11.25,11.11,11.19,9.48865398241,12523100.0,0.0,1.0
2012-05-04,11.5,11.5,11.23,11.28,9.56497023428,13761300.0,0.0,1.0
2012-05-03,11.8,11.815,11.51,11.53,9.77695982281,11657600.0,0.0,1.0
2012-05-02,11.83,11.84,11.72,11.805,10.0101483702,10064100.0,0.0,1.0
2012-05-01,12.01,12.06,11.85,11.86,10.0567860797,10757600.0,0.0,1.0
2012-04-30,11.99,12.1,11.96,11.99,10.1670206657,8445900.0,0.0,1.0
2012-04-27,11.94,12.05,11.88,12.03,10.2009389999,10774600.0,0.0,1.0
2012-04-26,11.67,12.01,11.65,11.94,10.124622748,11964000.0,0.0,1.0
2012-04-25,11.56,11.69,11.53,11.635,9.86599544999,8851600.0,0.0,1.0
2012-04-24,11.59,11.65,11.46,11.49,9.74304148864,10858100.0,0.0,1.0
2012-04-23,11.61,11.63,11.48,11.58,9.81935774051,12516400.0,0.0,1.0
2012-04-20,11.91,11.99,11.77,11.77,9.98046982779,10119900.0,0.0,1.0
2012-04-19,11.85,12.05,11.82,11.865,10.0610258714,9807600.0,0.0,1.0
2012-04-18,11.98,11.98,11.81,11.85,10.0483064961,11011300.0,0.0,1.0
2012-04-17,11.91,12.13,11.89,12.03,10.2009389999,10386800.0,0.0,1.0
2012-04-16,11.84,11.93,11.71,11.86,10.0567860797,9891600.0,0.0,1.0
2012-04-13,11.99,12.08,11.79,11.8,10.0059085784,9016900.0,0.0,1.0
2012-04-12,11.92,12.145,11.86,12.065,10.2306175423,8476700.0,0.0,1.0
2012-04-11,11.83,12.0,11.8,11.915,10.1034237891,10200400.0,0.0,1.0
2012-04-10,11.8,11.94,11.69,11.75,9.96351066071,13862800.0,0.0,1.0
2012-04-09,11.86,11.94,11.79,11.86,10.0567860797,13325200.0,0.0,1.0
2012-04-05,12.04,12.16,12.0,12.03,10.2009389999,11857900.0,0.0,1.0
2012-04-04,12.1,12.22,12.0,12.06,10.2263777505,15856500.0,0.0,1.0
2012-04-03,12.4,12.53,12.22,12.24,10.3790102542,15238900.0,0.0,1.0
2012-04-02,12.45,12.55,12.35,12.5,10.5994794263,12480900.0,0.0,1.0
2012-03-30,12.58,12.58,12.41,12.445,10.5528417168,11287800.0,0.0,1.0
2012-03-29,12.36,12.495,12.27,12.48,10.5825202592,12771100.0,0.0,1.0
2012-03-28,12.77,12.8,12.3,12.46,10.5655610921,22290600.0,0.0,1.0
2012-03-27,12.95,12.99,12.81,12.82,10.8708260996,13512700.0,0.0,1.0
2012-03-26,12.8,13.0,12.78,12.96,10.9895402692,12781600.0,0.0,1.0
2012-03-23,12.65,12.73,12.54,12.69,10.7605915136,11338500.0,0.0,1.0
2012-03-22,12.67,12.705,12.46,12.65,10.7266731794,14910200.0,0.0,1.0
2012-03-21,12.7,12.89,12.65,12.72,10.7860302642,9747200.0,0.0,1.0
2012-03-20,12.74,12.835,12.67,12.71,10.7775506806,12306700.0,0.0,1.0
2012-03-19,12.8,12.9386,12.749,12.83,10.8793056831,9365900.0,0.0,1.0
2012-03-16,12.75,12.93,12.71,12.82,10.8708260996,16898800.0,0.0,1.0
2012-03-15,12.59,12.88,12.58,12.79,10.845387349,11979400.0,0.0,1.0
2012-03-14,12.51,12.66,12.49,12.54,10.6333977605,13491900.0,0.0,1.0
2012-03-13,12.49,12.57,12.39,12.5,10.5994794263,14960600.0,0.0,1.0
2012-03-12,12.36,12.42,12.23,12.375,10.493484632,10280600.0,0.0,1.0
2012-03-09,12.18,12.41,12.1,12.37,10.4892448403,10748200.0,0.0,1.0
2012-03-08,12.19,12.29,12.08,12.185,10.3323725447,15581100.0,0.0,1.0
2012-03-07,12.03,12.22,12.02,12.1,10.2602960846,14878600.0,0.0,1.0
2012-03-06,11.93,12.2,11.93,12.005,10.179740041,19251600.0,0.0,1.0
2012-03-05,12.15,12.18,11.92,12.03,10.2009389999,18739500.0,0.0,1.0
2012-03-02,12.22,12.4,12.13,12.22,10.3620510871,21939400.0,0.0,1.0
2012-03-01,12.3,12.37,12.16,12.24,10.3790102542,15312000.0,0.0,1.0
2012-02-29,12.54,12.56,12.21,12.25,10.3874898378,22131000.0,0.0,1.0
2012-02-28,12.51,12.73,12.48,12.56,10.6503569275,15675900.0,0.0,1.0
2012-02-27,12.55,12.72,12.48,12.53,10.6249181769,15746300.0,0.0,1.0
2012-02-24,12.73,12.83,12.6,12.63,10.7097140123,10255800.0,0.0,1.0
2012-02-23,12.9,12.92,12.52,12.74,10.8029894313,17934100.0,0.0,1.0
2012-02-22,12.7,12.94,12.7,12.9,10.9386627679,22623800.0,0.0,1.0
2012-02-21,13.01,13.02,12.6,12.71,10.7775506806,21443600.0,0.08,1.0
2012-02-17,13.8601,13.94,12.97,12.99,10.9460815748,33947400.0,0.0,1.0
2012-02-16,12.94,13.23,12.925,13.21,11.1314655584,14152400.0,0.0,1.0
2012-02-15,12.89,13.1,12.84,12.9,10.8702426724,11299100.0,0.0,1.0
2012-02-14,12.95,12.9901,12.69,12.87,10.8449630383,14889400.0,0.0,1.0
2012-02-13,13.04,13.13,12.8,12.93,10.8955223066,9921500.0,0.0,1.0
2012-02-10,12.97,13.105,12.865,12.95,10.912375396,10442200.0,0.0,1.0
2012-02-09,13.0,13.13,12.915,13.11,11.0472001113,11423100.0,0.0,1.0
2012-02-08,12.71,13.09,12.71,13.0,10.9545081195,17888500.0,0.0,1.0
2012-02-07,12.63,12.795,12.55,12.74,10.7354179571,8784200.0,0.0,1.0
2012-02-06,12.74,12.745,12.45,12.61,10.6258728759,14348600.0,0.0,1.0
2012-02-03,12.81,12.89,12.71,12.79,10.7775506806,11047500.0,0.0,1.0
2012-02-02,12.55,12.755,12.55,12.64,10.65115251,11213100.0,0.0,1.0
2012-02-01,12.44,12.655,12.35,12.57,10.5921666971,14686300.0,0.0,1.0
2012-01-31,12.18,12.34,12.11,12.275,10.3435836282,15032300.0,0.0,1.0
2012-01-30,12.09,12.15,11.98,12.06,10.162412917,15915900.0,0.0,1.0
2012-01-27,12.4,12.52,12.1801,12.23,10.305664177,18987000.0,0.0,1.0
2012-01-26,12.43,12.64,12.29,12.4,10.4489154371,14769800.0,0.0,1.0
2012-01-25,12.32,12.44,12.18,12.36,10.4152092582,10739400.0,0.0,1.0
2012-01-24,12.22,12.41,12.12,12.305,10.3688632623,8317700.0,0.0,1.0
2012-01-23,12.43,12.47,12.115,12.22,10.2972376323,18802500.0,0.0,1.0
2012-01-20,12.39,12.55,12.31,12.47,10.50790125,19713500.0,0.0,1.0
2012-01-19,12.19,12.42,12.15,12.31,10.3730765347,15466900.0,0.0,1.0
2012-01-18,11.89,12.18,11.84,12.12,10.2129721853,20271300.0,0.0,1.0
2012-01-17,11.7999,11.91,11.73,11.775,9.92225639286,23935200.0,0.0,1.0
2012-01-13,11.75,11.77,11.45,11.5,9.69052641341,14415800.0,0.0,1.0
2012-01-12,11.81,11.85,11.63,11.8,9.94332275463,12567800.0,0.0,1.0
2012-01-11,11.6,11.88,11.54,11.71,9.86748385226,14683200.0,0.0,1.0
2012-01-10,11.4702,11.71,11.44,11.6,9.77479186048,25222500.0,0.0,1.0
2012-01-09,11.08,11.37,11.02,11.34,9.55570169809,22287700.0,0.0,1.0
2012-01-06,10.85,11.03,10.73,11.01,9.27762572275,16178200.0,0.0,1.0
2012-01-05,10.72,10.84,10.64,10.83,9.12594791802,13992700.0,0.0,1.0
2012-01-04,10.71,10.76,10.61,10.76,9.06696210507,10571600.0,0.0,1.0
2012-01-03,10.93,10.97,10.68,10.7,9.01640283682,10935600.0,0.0,1.0
2011-12-30,10.72,10.84,10.7,10.71,9.02482938153,6529300.0,0.0,1.0
2011-12-29,10.7,10.79,10.62,10.68,8.99954974741,8106000.0,0.0,1.0
2011-12-28,10.86,10.9,10.59,10.615,8.94477720681,9531200.0,0.0,1.0
2011-12-27,10.76,10.95,10.75,10.83,9.12594791802,8893100.0,0.0,1.0
2011-12-23,10.54,10.82,10.53,10.82,9.11752137331,12538000.0,0.0,1.0
2011-12-22,10.25,10.57,10.25,10.53,8.8731515768,20375300.0,0.0,1.0
2011-12-21,10.42,10.45,10.17,10.2,8.59507560146,23424500.0,0.0,1.0
2011-12-20,10.31,10.63,10.31,10.415,8.77624631266,28154100.0,0.0,1.0
2011-12-19,10.33,10.5,10.115,10.13,8.53608978851,11819000.0,0.0,1.0
2011-12-16,10.29,10.51,10.235,10.33,8.70462068265,17622000.0,0.0,1.0
2011-12-15,10.5,10.52,10.175,10.19,8.58664905675,17333200.0,0.0,1.0
2011-12-14,10.49,10.53,10.32,10.33,8.70462068265,14920900.0,0.0,1.0
2011-12-13,10.57,10.66,10.43,10.5,8.84787194268,26733000.0,0.0,1.0
2011-12-12,11.02,11.04,10.47,10.52,8.86472503209,21755000.0,0.0,1.0
2011-12-09,10.93,11.28,10.8,11.2,9.43773007219,11978000.0,0.0,1.0
2011-12-08,11.1999,11.29,10.9,10.91,9.19336027568,14242600.0,0.0,1.0
2011-12-07,11.12,11.34,10.94,11.25,9.47986279572,16954300.0,0.0,1.0
2011-12-06,11.06,11.17,10.99,11.09,9.34503808041,11736600.0,0.0,1.0
2011-12-05,11.01,11.0799,10.86,10.99,9.26077263333,13699700.0,0.0,1.0
2011-12-02,10.8999,11.075,10.8,10.83,9.12594791802,15135100.0,0.0,1.0
2011-12-01,10.73,10.84,10.565,10.77,9.07538864977,14450100.0,0.0,1.0
2011-11-30,10.5,10.8,10.44,10.78,9.08381519448,24240100.0,0.0,1.0
2011-11-29,10.43,10.46,10.21,10.25,8.63720832499,17752500.0,0.0,1.0
2011-11-28,10.48,10.61,10.3,10.4,8.7636064956,17515700.0,0.0,1.0
2011-11-25,10.22,10.43,10.16,10.16,8.56136942263,8492400.0,0.0,1.0
2011-11-23,10.48,10.49,10.17,10.21,8.60350214616,18230900.0,0.0,1.0
2011-11-22,10.83,10.94,10.515,10.57,8.90685775563,19257000.0,0.0,1.0
2011-11-21,11.03,11.1,10.8,10.89,9.17650718626,16919800.0,0.08,1.0
2011-11-18,11.47,11.52,11.13,11.23,9.39399960818,16189100.0,0.0,1.0
2011-11-17,12.03,12.15,11.32,11.53,9.6449524027,28977700.0,0.0,1.0
2011-11-16,12.4,12.75,12.38,12.47,10.4312711589,16320500.0,0.0,1.0
2011-11-15,12.29,12.73,12.24,12.64,10.5734777424,11726600.0,0.0,1.0
2011-11-14,12.68,12.8,12.43,12.54,10.4898268109,10406500.0,0.0,1.0
2011-11-11,12.42,12.8,12.325,12.73,10.6487635808,12230000.0,0.0,1.0
2011-11-10,12.26,12.39,12.07,12.25,10.2472391095,11544200.0,0.0,1.0
2011-11-09,12.4,12.4,12.1,12.14,10.1552230849,16894700.0,0.0,1.0
2011-11-08,12.5,12.65,12.4,12.64,10.5734777424,11854400.0,0.0,1.0
2011-11-07,12.36,12.45,12.19,12.405,10.3768980534,10733000.0,0.0,1.0
2011-11-04,12.31,12.53,12.16,12.42,10.3894456931,9429700.0,0.0,1.0
2011-11-03,12.12,12.42,11.9,12.36,10.3392551342,13353300.0,0.0,1.0
2011-11-02,12.0,12.14,11.9,12.04,10.0715721534,12590100.0,0.0,1.0
2011-11-01,12.01,12.115,11.88,11.92,9.97119103557,16066500.0,0.0,1.0
2011-10-31,12.5,12.62,12.32,12.32,10.3057947616,13697300.0,0.0,1.0
2011-10-28,12.47,12.62,12.3,12.62,10.5567475561,12205200.0,0.0,1.0
2011-10-27,12.04,12.595,12.04,12.54,10.4898268109,18205600.0,0.0,1.0
2011-10-26,11.89,12.0,11.61,11.84,9.90427029037,12536800.0,0.0,1.0
2011-10-25,11.74,12.0,11.74,11.76,9.83734954516,11800100.0,0.0,1.0
2011-10-24,11.77,11.99,11.735,11.93,9.97955612872,11536500.0,0.0,1.0
2011-10-21,11.42,11.84,11.42,11.69,9.77879389311,15549100.0,0.0,1.0
2011-10-20,11.44,11.4698,11.01,11.33,9.47765053968,12727000.0,0.0,1.0
2011-10-19,11.67,11.7399,11.44,11.48,9.60312693694,10954200.0,0.0,1.0
2011-10-18,11.57,11.7,11.27,11.66,9.75369861366,17781300.0,0.0,1.0
2011-10-17,11.53,11.555,11.33,11.39,9.52784109859,16922600.0,0.0,1.0
2011-10-14,11.68,11.68,11.36,11.6,9.70350805475,13781000.0,0.0,1.0
2011-10-13,11.28,11.6274,11.21,11.58,9.68677786845,18025000.0,0.0,1.0
2011-10-12,11.09,11.4,11.06,11.3,9.45255526023,16696400.0,0.0,1.0
2011-10-11,11.0,11.08,10.87,10.98,9.18487227941,11952700.0,0.0,1.0
2011-10-10,10.91,11.105,10.84,11.01,9.20996755886,13178400.0,0.0,1.0
2011-10-07,10.82,10.95,10.6,10.71,8.95901476434,16191300.0,0.0,1.0
2011-10-06,10.65,10.82,10.45,10.75,8.99247513695,18381800.0,0.0,1.0
2011-10-05,10.26,10.6,10.08,10.585,8.85445109996,16704500.0,0.0,1.0
2011-10-04,9.7,10.27,9.7,10.27,8.59095066572,23364700.0,0.0,1.0
2011-10-03,10.27,10.42,9.85,9.85,8.23961675339,24505000.0,0.0,1.0
2011-09-30,10.54,10.66,10.35,10.355,8.6620539575,18089800.0,0.0,1.0
2011-09-29,10.78,10.81,10.4,10.62,8.88372892599,25321100.0,0.0,1.0
2011-09-28,10.86,10.93,10.55,10.605,8.87118128626,19060600.0,0.0,1.0
2011-09-27,10.58,11.11,10.5,10.79,9.02593550955,25223100.0,0.0,1.0
2011-09-26,10.65,10.68,10.2,10.38,8.68296669037,25063600.0,0.0,1.0
2011-09-23,10.26,10.78,10.19,10.59,8.85863364654,17181000.0,0.0,1.0
2011-09-22,10.65,10.665,10.21,10.36,8.66623650407,25528200.0,0.0,1.0
2011-09-21,11.15,11.25,10.85,10.85,9.07612606845,17630200.0,0.0,1.0
2011-09-20,11.21,11.47,11.095,11.13,9.31034867667,13160600.0,0.0,1.0
2011-09-19,11.2,11.3,11.1,11.23,9.39399960818,13675400.0,0.0,1.0
2011-09-16,11.69,11.79,11.5,11.57,9.6784127753,17112700.0,0.0,1.0
2011-09-15,11.62,11.71,11.46,11.67,9.76206370681,20687600.0,0.0,1.0
2011-09-14,11.07,11.38,11.01,11.245,9.4065472479,24538400.0,0.0,1.0
2011-09-13,10.93,11.07,10.9,11.02,9.21833265201,22218100.0,0.0,1.0
2011-09-12,10.7519,10.87,10.62,10.86,9.0844911616,17445000.0,0.0,1.0
2011-09-09,10.691,11.11,10.67,10.725,8.97156240407,18458800.0,0.0,1.0
2011-09-08,11.02,11.24,10.83,10.85,9.07612606845,17079600.0,0.0,1.0
2011-09-07,10.87,11.09,10.86,11.09,9.27688830407,18919300.0,0.0,1.0
2011-09-06,10.58,10.71,10.5,10.67,8.92555439174,16793000.0,0.0,1.0
2011-09-02,10.89,10.96,10.8,10.84,9.0677609753,11990900.0,0.0,1.0
2011-09-01,11.38,11.43,11.06,11.06,9.25179302462,12294800.0,0.0,1.0
2011-08-31,11.52,11.63,11.272,11.32,9.46928544653,14787800.0,0.0,1.0
2011-08-30,11.3,11.5,11.23,11.42,9.55293637804,14408300.0,0.0,1.0
2011-08-29,11.11,11.41,11.09,11.385,9.52365855201,11015100.0,0.08,1.0
2011-08-26,10.75,11.07,10.62,11.06,9.18723624817,15078000.0,0.0,1.0
2011-08-25,10.84,11.09,10.8,10.81,8.97956815938,21521400.0,0.0,1.0
2011-08-24,11.39,11.44,11.07,11.36,9.43643795472,16652700.0,0.0,1.0
2011-08-23,10.81,11.44,10.8,11.44,9.50289174313,16136100.0,0.0,1.0
2011-08-22,11.01,11.125,10.8102,10.86,9.02110177714,13481900.0,0.0,1.0
2011-08-19,10.87,11.18,10.8,10.82,8.98787488293,16116600.0,0.0,1.0
2011-08-18,11.28,11.3,10.88,10.99,9.12908918331,17854900.0,0.0,1.0
2011-08-17,11.71,11.95,11.495,11.62,9.65241276706,10676700.0,0.0,1.0
2011-08-16,11.73,11.865,11.52,11.68,9.70225310837,13342400.0,0.0,1.0
2011-08-15,11.63,11.87,11.58,11.87,9.86008085586,10950200.0,0.0,1.0
2011-08-12,11.75,11.95,11.535,11.6,9.63579931996,16471100.0,0.0,1.0
2011-08-11,11.31,11.87,11.23,11.72,9.73548000258,30026000.0,0.0,1.0
2011-08-10,11.27,11.58,11.09,11.25,9.34506399565,34632000.0,0.0,1.0
2011-08-09,11.2,11.46,10.85,11.44,9.50289174313,34263800.0,0.0,1.0
2011-08-08,11.13,11.5,11.01,11.09,9.21215641882,34939400.0,0.0,1.0
2011-08-05,11.64,11.93,11.1,11.44,9.50289174313,31988000.0,0.0,1.0
2011-08-04,12.02,12.02,11.48,11.48,9.53611863734,29740000.0,0.0,1.0
2011-08-03,12.08,12.24,11.88,12.21,10.1425094566,19515900.0,0.0,1.0
2011-08-02,12.19,12.25,12.02,12.08,10.0345220504,18050400.0,0.0,1.0
2011-08-01,12.5,12.6,12.12,12.33,10.2421901392,16794300.0,0.0,1.0
2011-07-29,12.38,12.5471,12.24,12.32,10.2338834157,20689500.0,0.0,1.0
2011-07-28,12.61,12.71,12.37,12.48,10.3667909925,15867400.0,0.0,1.0
2011-07-27,12.97,12.99,12.6,12.64,10.4996985693,21146800.0,0.0,1.0
2011-07-26,13.15,13.27,13.06,13.1,10.8818078527,10203000.0,0.0,1.0
2011-07-25,13.0,13.2,12.92,13.1,10.8818078527,12042600.0,0.0,1.0
2011-07-22,12.96,13.21,12.89,13.15,10.9233414705,17464100.0,0.0,1.0
2011-07-21,12.64,12.99,12.58,12.925,10.7364401906,14268700.0,0.0,1.0
2011-07-20,12.7,12.79,12.57,12.69,10.5412321871,13474600.0,0.0,1.0
2011-07-19,12.39,12.72,12.39,12.66,10.5163120164,13042400.0,0.0,1.0
2011-07-18,12.36,12.53,12.23,12.3,10.2172699686,20060700.0,0.0,1.0
2011-07-15,12.26,12.49,12.18,12.45,10.3418708219,20020800.0,0.0,1.0
2011-07-14,12.45,12.64,12.24,12.27,10.1923497979,23025700.0,0.0,1.0
2011-07-13,12.72,12.73,12.41,12.44,10.3335640983,21473000.0,0.0,1.0
2011-07-12,12.88,12.88,12.52,12.64,10.4996985693,28255900.0,0.0,1.0
2011-07-11,13.02,13.45,12.92,12.98,10.7821271701,19567300.0,0.0,1.0
2011-07-08,13.22,13.31,13.0,13.1,10.8818078527,14697400.0,0.0,1.0
2011-07-07,13.14,13.52,13.125,13.435,11.1600830917,16123800.0,0.0,1.0
2011-07-06,13.05,13.08,12.83,13.04,10.8319675114,13686000.0,0.0,1.0
2011-07-05,13.29,13.3,13.0,13.09,10.8735011292,12813000.0,0.0,1.0
2011-07-01,13.01,13.31,12.88,13.29,11.0396356002,11675100.0,0.0,1.0
2011-06-30,12.73,13.08,12.71,13.01,10.8070473407,18352500.0,0.0,1.0
2011-06-29,12.73,12.8,12.59,12.67,10.52461874,13868400.0,0.0,1.0
2011-06-28,12.69,12.73,12.52,12.71,10.5578456342,12299900.0,0.0,1.0
2011-06-27,12.4,12.75,12.32,12.66,10.5163120164,17841100.0,0.0,1.0
2011-06-24,12.71,12.76,12.3944,12.4,10.3003372041,34190200.0,0.0,1.0
2011-06-23,12.44,12.79,12.33,12.76,10.599379252,17001400.0,0.0,1.0
2011-06-22,12.6,12.75,12.58,12.58,10.449858228,9896800.0,0.0,1.0
2011-06-21,12.46,12.76,12.4,12.68,10.5329254635,12415400.0,0.0,1.0
2011-06-20,12.4,12.57,12.35,12.415,10.3127972894,15531500.0,0.0,1.0
2011-06-17,12.6,12.62,12.26,12.41,10.3086439276,15527900.0,0.0,1.0
2011-06-16,12.57,12.62,12.36,12.465,10.3543309072,15158000.0,0.0,1.0
2011-06-15,12.58,12.77,12.5001,12.57,10.4415515045,16768900.0,0.0,1.0
2011-06-14,12.57,12.83,12.57,12.7,10.5495389106,17633100.0,0.0,1.0
2011-06-13,12.67,12.69,12.4,12.48,10.3667909925,11304900.0,0.0,1.0
2011-06-10,12.75,12.78,12.43,12.58,10.449858228,16247000.0,0.0,1.0
2011-06-09,12.8,13.0,12.735,12.78,10.6159926991,17881400.0,0.0,1.0
2011-06-08,12.96,12.99,12.69,12.73,10.5744590813,15379000.0,0.0,1.0
2011-06-07,13.0,13.24,12.99,13.03,10.8236607879,19150800.0,0.0,1.0
2011-06-06,12.98,13.05,12.86,12.89,10.7073666581,11463700.0,0.0,1.0
2011-06-03,13.04,13.15,12.93,12.96,10.765513723,14818800.0,0.0,1.0
2011-06-02,13.05,13.31,13.05,13.15,10.9233414705,26164300.0,0.0,1.0
2011-06-01,13.74,13.75,13.08,13.08,10.8651944056,41485700.0,0.0,1.0
2011-05-31,13.51,13.78,13.5,13.78,11.4466650542,15690400.0,0.0,1.0
2011-05-27,13.58,13.66,13.41,13.43,11.1559297299,17064500.0,0.08,1.0
2011-05-26,13.8,13.81,13.5,13.64,11.2632776844,16979800.0,0.0,1.0
2011-05-25,13.42,13.91,13.36,13.86,11.4449434535,27067900.0,0.0,1.0
2011-05-24,13.83,13.92,13.65,13.71,11.3210804291,25015700.0,0.0,1.0
2011-05-23,13.92,13.93,13.72,13.79,11.3871407088,21100000.0,0.0,1.0
2011-05-20,14.28,14.355,14.05,14.09,11.6348667576,17189500.0,0.0,1.0
2011-05-19,14.2,14.5,14.09,14.33,11.8330475966,19202300.0,0.0,1.0
2011-05-18,14.3,14.55,14.28,14.5,11.9734256909,17221900.0,0.0,1.0
2011-05-17,14.52,14.53,14.26,14.31,11.8165325267,23388200.0,0.0,1.0
2011-05-16,14.8,14.8,14.5,14.52,11.9899407608,17248200.0,0.0,1.0
2011-05-13,15.04,15.09,14.78,14.8,12.2211517397,15158700.0,0.0,1.0
2011-05-12,14.91,15.15,14.89,15.09,12.4606202535,17600000.0,0.0,1.0
2011-05-11,15.07,15.07,14.83,14.92,12.3202421592,16500000.0,0.0,1.0
2011-05-10,15.14,15.17,14.98,15.06,12.4358476486,16187800.0,0.0,1.0
2011-05-09,15.2,15.23,15.01,15.04,12.4193325787,14623800.0,0.0,1.0
2011-05-06,15.23,15.44,15.15,15.23,12.5762257429,16860400.0,0.0,1.0
2011-05-05,15.05,15.28,14.82,14.96,12.353272299,25298800.0,0.0,1.0
2011-05-04,15.88,15.9,14.87,15.09,12.4606202535,35295800.0,0.0,1.0
2011-05-03,15.13,15.26,15.03,15.24,12.5844832779,16800000.0,0.0,1.0
2011-05-02,15.34,15.4906,15.1,15.15,12.5101654632,23471800.0,0.0,1.0
2011-04-29,15.76,15.76,15.46,15.69,12.956072351,29186300.0,0.0,1.0
2011-04-28,15.89,15.95,15.5,15.69,12.956072351,21704300.0,0.0,1.0
2011-04-27,15.61,15.97,15.6,15.92,13.1459956551,16734000.0,0.0,1.0
2011-04-26,15.34,15.61,15.3,15.61,12.8900120714,16597600.0,0.0,1.0
2011-04-25,15.27,15.31,15.13,15.3,12.6340284876,11308500.0,0.0,1.0
2011-04-21,15.19,15.26,15.01,15.25,12.5927408128,12822500.0,0.0,1.0
2011-04-20,15.15,15.44,15.13,15.28,12.6175134177,18697000.0,0.0,1.0
2011-04-19,14.47,14.77,14.47,14.605,12.060129808,14145500.0,0.0,1.0
2011-04-18,14.56,14.6,14.41,14.48,11.956910621,19711100.0,0.0,1.0
2011-04-15,14.86,14.9,14.62,14.72,12.15509146,19034200.0,0.0,1.0
2011-04-14,14.73,14.85,14.66,14.78,12.2046366697,19631400.0,0.0,1.0
2011-04-13,15.08,15.14,14.82,14.88,12.2872120193,16177000.0,0.0,1.0
2011-04-12,15.2,15.24,14.89,15.03,12.4110750437,17063400.0,0.0,1.0
2011-04-11,15.33,15.4,15.17,15.33,12.6588010925,12408700.0,0.0,1.0
2011-04-08,15.57,15.64,15.26,15.31,12.6422860226,10591800.0,0.0,1.0
2011-04-07,15.67,15.69,15.24,15.5,12.7991791868,18218500.0,0.0,1.0
2011-04-06,15.61,15.85,15.54,15.75,13.0056175608,13351600.0,0.0,1.0
2011-04-05,15.4,15.62,15.38,15.53,12.8239517917,13785600.0,0.0,1.0
2011-04-04,15.53,15.58,15.26,15.4,12.7166038372,21009900.0,0.0,1.0
2011-04-01,15.81,15.85,15.46,15.53,12.8239517917,12739400.0,0.0,1.0
2011-03-31,15.74,15.86,15.59,15.62,12.8982696063,11448600.0,0.0,1.0
2011-03-30,15.76,15.889,15.56,15.73,12.9891024909,11390500.0,0.0,1.0
2011-03-29,15.41,15.82,15.37,15.7,12.964329886,16816500.0,0.0,1.0
2011-03-28,15.44,15.55,15.38,15.47,12.7744065819,11868500.0,0.0,1.0
2011-03-25,15.43,15.59,15.35,15.43,12.7413764421,13937100.0,0.0,1.0
2011-03-24,15.31,15.46,15.13,15.44,12.7496339771,14958900.0,0.0,1.0
2011-03-23,15.05,15.21,14.81,15.16,12.5184229982,17119100.0,0.0,1.0
2011-03-22,15.16,15.28,15.05,15.11,12.4771353234,10673300.0,0.0,1.0
2011-03-21,15.1,15.36,15.0498,15.21,12.559710673,13053300.0,0.0,1.0
2011-03-18,15.06,15.1,14.78,14.84,12.2541818795,19567600.0,0.0,1.0
2011-03-17,14.68,14.97,14.67,14.83,12.2459243445,15750300.0,0.0,1.0
2011-03-16,14.78,14.94,14.36,14.455,11.9362667836,24530800.0,0.0,1.0
2011-03-15,14.48,14.96,14.25,14.88,12.2872120193,21222000.0,0.0,1.0
2011-03-14,14.93,15.09,14.81,14.96,12.353272299,15936300.0,0.0,1.0
2011-03-11,14.88,15.24,14.77,15.0,12.3863024388,16362700.0,0.0,1.0
2011-03-10,15.08,15.23,14.93,14.96,12.353272299,23029200.0,0.0,1.0
2011-03-09,15.73,15.765,15.16,15.3,12.6340284876,32174600.0,0.0,1.0
2011-03-08,15.98,16.0,15.67,15.79,13.0386477006,28212900.0,0.0,1.0
2011-03-07,16.77,16.77,15.74,15.96,13.1790257949,24768000.0,0.0,1.0
2011-03-04,16.84,16.87,16.58,16.73,13.8148559868,14204700.0,0.0,1.0
2011-03-03,16.49,16.93,16.49,16.85,13.9139464063,17570800.0,0.0,1.0
2011-03-02,16.12,16.465,16.12,16.42,13.5588724031,19128000.0,0.0,1.0
2011-03-01,16.55,16.75,16.16,16.2,13.377206634,34048400.0,0.0,1.0
2011-02-28,16.13,16.54,16.125,16.43,13.567129938,26338800.0,0.07,1.0
2011-02-25,16.1,16.15,15.71,16.12,13.2546748243,20071400.0,0.0,1.0
2011-02-24,15.69,15.87,15.52,15.83,13.0162222375,18660300.0,0.0,1.0
2011-02-23,15.82,16.04,15.45,15.64,12.8599946806,24399900.0,0.0,1.0
2011-02-22,16.26,16.27,15.62,15.66,12.8764396866,25417700.0,0.0,1.0
2011-02-18,16.49,16.501,16.27,16.465,13.5383511775,12380200.0,0.0,1.0
2011-02-17,16.31,16.54,16.18,16.42,13.5013499141,13520600.0,0.0,1.0
2011-02-16,16.22,16.57,16.14,16.349,13.4429701428,18176100.0,0.0,1.0
2011-02-15,16.19,16.22,16.01,16.12,13.2546748243,12138900.0,0.0,1.0
2011-02-14,16.01,16.22,15.98,16.2,13.3204548482,12982800.0,0.0,1.0
2011-02-11,16.04,16.15,15.9,16.01,13.1642272914,12939900.0,0.0,1.0
2011-02-10,15.76,16.14,15.66,16.12,13.2546748243,19010900.0,0.0,1.0
2011-02-09,16.09,16.1,15.77,15.865,13.045000998,20651800.0,0.0,1.0
2011-02-08,16.39,16.43,16.07,16.16,13.2875648363,16694100.0,0.0,1.0
2011-02-07,16.52,16.67,16.27,16.39,13.4766824051,15425000.0,0.0,1.0
2011-02-04,16.16,16.5,16.02,16.49,13.558907435,15018800.0,0.0,1.0
2011-02-03,16.34,16.34,15.99,16.14,13.2711198303,20212200.0,0.0,1.0
2011-02-02,16.16,16.52,16.15,16.35,13.4437923931,22846900.0,0.0,1.0
2011-02-01,15.8,16.27,15.69,16.22,13.3368998542,21935800.0,0.0,1.0
2011-01-31,15.87,16.13,15.62,15.69,12.9011071956,24068000.0,0.0,1.0
2011-01-28,16.2,16.25,15.6695,15.77,12.9668872195,24074100.0,0.0,1.0
2011-01-27,15.45,16.15,15.45,16.1,13.2382298183,24319000.0,0.0,1.0
2011-01-26,15.35,15.57,15.31,15.46,12.7119896268,13248200.0,0.0,1.0
2011-01-25,15.29,15.4,15.13,15.37,12.6379870998,18445600.0,0.0,1.0
2011-01-24,15.09,15.4,15.0,15.365,12.6338758483,14403900.0,0.0,1.0
2011-01-21,15.17,15.19,14.97,15.01,12.3419769921,12815900.0,0.0,1.0
2011-01-20,15.23,15.23,14.71,15.055,12.3789782556,21092300.0,0.0,1.0
2011-01-19,15.14,15.35,15.09,15.23,12.5228720579,27347900.0,0.0,1.0
2011-01-18,15.26,15.35,14.99,15.2,12.498204549,33814200.0,0.0,1.0
2011-01-14,14.64,15.32,14.57,15.315,12.5927633334,36689800.0,0.0,1.0
2011-01-13,14.28,14.34,14.2,14.24,11.7088442617,9322400.0,0.0,1.0
2011-01-12,14.17,14.3,14.07,14.255,11.7211780161,8612100.0,0.0,1.0
2011-01-11,13.87,14.1,13.84,14.08,11.5772842138,17290200.0,0.0,1.0
2011-01-10,13.89,13.94,13.68,13.77,11.322386621,15011300.0,0.0,1.0
2011-01-07,13.93,14.03,13.79,13.96,11.4786141779,10838300.0,0.0,1.0
2011-01-06,13.82,14.1,13.8,13.89,11.4210566569,18942300.0,0.0,1.0
2011-01-05,13.82,13.93,13.72,13.76,11.314164118,24401300.0,0.0,1.0
2011-01-04,14.06,14.1,13.91,13.97,11.4868366809,16518700.0,0.0,1.0
2011-01-03,14.13,14.2889,14.01,14.06,11.5608392078,10943700.0,0.0,1.0
2010-12-31,14.13,14.15,14.0,14.05,11.5526167048,5660500.0,0.0,1.0
2010-12-30,14.13,14.195,14.07,14.13,11.6183967287,5649900.0,0.0,1.0
2010-12-29,14.16,14.16,14.05,14.12,11.6101742257,5993600.0,0.0,1.0
2010-12-28,14.02,14.14,14.02,14.1,11.5937292198,6992500.0,0.0,1.0
2010-12-27,13.92,14.13,13.91,14.08,11.5772842138,6401500.0,0.0,1.0
2010-12-23,13.98,14.095,13.96,14.0,11.5115041898,6675900.0,0.0,1.0
2010-12-22,13.85,14.02,13.78,14.0,11.5115041898,9699300.0,0.0,1.0
2010-12-21,13.65,13.96,13.64,13.91,11.4375016629,14591600.0,0.0,1.0
2010-12-20,13.6,13.8,13.57,13.6,11.1826040701,12477100.0,0.0,1.0
2010-12-17,13.44,13.72,13.44,13.61,11.1908265731,19690500.0,0.0,1.0
2010-12-16,13.25,13.4,13.18,13.375,10.9975977528,8376200.0,0.0,1.0
2010-12-15,13.27,13.38,13.15,13.2,10.8537039504,10142800.0,0.0,1.0
2010-12-14,13.25,13.31,13.18,13.3,10.9359289803,9573500.0,0.0,1.0
2010-12-13,13.39,13.4,13.21,13.215,10.8660377049,9473800.0,0.0,1.0
2010-12-10,13.3,13.39,13.2,13.36,10.9852639983,9901400.0,0.0,1.0
2010-12-09,13.12,13.3,13.12,13.28,10.9194839744,11491800.0,0.0,1.0
2010-12-08,12.99,13.1,12.99,13.04,10.7221439025,10391400.0,0.0,1.0
2010-12-07,13.15,13.2,12.98,12.99,10.6810313876,12500200.0,0.0,1.0
2010-12-06,13.03,13.04,12.9,13.019,10.7048766462,8239600.0,0.0,1.0
2010-12-03,12.9,13.1,12.86,13.06,10.7385889085,10377000.0,0.0,1.0
2010-12-02,12.74,13.0,12.62,12.91,10.6152513636,12568700.0,0.0,1.0
2010-12-01,12.66,12.82,12.63,12.77,10.5001363217,13969100.0,0.0,1.0
2010-11-30,12.39,12.5,12.3,12.425,10.2164599685,13217200.0,0.0,1.0
2010-11-29,12.44,12.56,12.35,12.52,10.2945737469,16730700.0,0.0,1.0
2010-11-26,12.52,12.65,12.51,12.53,10.3027962499,4026200.0,0.0,1.0
2010-11-24,12.48,12.71,12.42,12.585,10.3480200164,11024600.0,0.0,1.0
2010-11-23,12.35,12.45,12.3,12.41,10.204126214,11613000.0,0.0,1.0
2010-11-22,12.35,12.61,12.34,12.53,10.3027962499,15045100.0,0.07,1.0
2010-11-19,12.6,12.66,12.49,12.5315,10.2467850163,16923000.0,0.0,1.0
2010-11-18,12.56,12.85,12.5,12.65,10.343680362,21840500.0,0.0,1.0
2010-11-17,12.48,12.63,12.34,12.38,10.1229061566,14793200.0,0.0,1.0
2010-11-16,12.49,12.69,12.41,12.46,10.188320736,17121600.0,0.0,1.0
2010-11-15,12.72,12.8,12.6,12.605,10.3068846611,12628100.0,0.0,1.0
2010-11-12,12.53,12.74,12.525,12.59,10.2946194275,14686500.0,0.0,1.0
2010-11-11,12.55,12.665,12.48,12.625,10.3232383059,15040400.0,0.0,1.0
2010-11-10,12.85,12.89,12.62,12.85,10.5072168104,15705600.0,0.0,1.0
2010-11-09,12.85,13.08,12.75,12.82,10.4826863432,14443400.0,0.0,1.0
2010-11-08,12.94,12.99,12.77,12.8,10.4663326983,16470300.0,0.0,1.0
2010-11-05,12.9,13.06,12.86,12.98,10.6135155019,15163400.0,0.0,1.0
2010-11-04,12.65,12.89,12.64,12.89,10.5399241001,16341100.0,0.0,1.0
2010-11-03,12.48,12.55,12.325,12.535,10.2496469042,12324600.0,0.0,1.0
2010-11-02,12.42,12.5,12.32,12.48,10.2046743809,11575000.0,0.0,1.0
2010-11-01,12.36,12.44,12.17,12.37,10.1147293342,16335500.0,0.0,1.0
2010-10-29,12.28,12.375,12.21,12.35,10.0983756894,11137400.0,0.0,1.0
2010-10-28,12.18,12.29,12.14,12.25,10.0166074652,12635800.0,0.0,1.0
2010-10-27,11.99,12.24,11.96,12.24,10.0084306428,11833100.0,0.0,1.0
2010-10-26,12.05,12.195,11.965,12.09,9.88577830645,11561600.0,0.0,1.0
2010-10-25,12.22,12.25,12.14,12.15,9.93483924097,12380000.0,0.0,1.0
2010-10-22,11.9,12.16,11.84,12.125,9.91439718492,18248400.0,0.0,1.0
2010-10-21,11.96,12.0,11.8,11.895,9.72633026925,14562000.0,0.0,1.0
2010-10-20,11.82,12.05,11.81,11.94,9.76312597014,16526500.0,0.0,1.0
2010-10-19,11.89,12.02,11.6,11.7775,9.63025260581,26954500.0,0.0,1.0
2010-10-18,11.98,12.03,11.77,11.9475,9.76925858696,13884500.0,0.0,1.0
2010-10-15,12.05,12.05,11.86,12.015,9.8244521383,20040300.0,0.0,1.0
2010-10-14,12.0,12.07,11.86,11.91,9.73859550288,16167200.0,0.0,1.0
2010-10-13,12.0,12.05,11.81,11.968,9.78602107292,16470800.0,0.0,1.0
2010-10-12,11.83,11.99,11.7,11.96,9.77947961498,18305200.0,0.0,1.0
2010-10-11,11.82,11.92,11.77,11.82,9.6650041011,14540100.0,0.0,1.0
2010-10-08,11.63,11.86,11.48,11.82,9.6650041011,25834800.0,0.0,1.0
2010-10-07,11.81,11.825,11.63,11.73,9.59141269931,18464100.0,0.0,1.0
2010-10-06,11.8,11.81,11.6,11.73,9.59141269931,18998300.0,0.0,1.0
2010-10-05,11.61,11.9,11.6,11.862,9.69934675526,20998300.0,0.0,1.0
2010-10-04,11.66,11.73,11.36,11.49,9.39516896122,15753100.0,0.0,1.0
2010-10-01,11.79,11.83,11.59,11.71,9.57505905447,18017200.0,0.0,1.0
2010-09-30,11.71,11.85,11.51,11.68,9.55052858721,23697300.0,0.0,1.0
2010-09-29,11.65,11.82,11.51,11.68,9.55052858721,21920400.0,0.0,1.0
2010-09-28,11.59,11.77,11.43,11.73,9.59141269931,21370600.0,0.0,1.0
2010-09-27,11.58,11.7,11.5,11.54,9.43605307332,12055600.0,0.0,1.0
2010-09-24,11.47,11.68,11.41,11.631,9.51046215735,22056300.0,0.0,1.0
2010-09-23,11.06,11.445,10.99,11.29,9.23163251281,22513800.0,0.0,1.0
2010-09-22,11.21,11.32,11.07,11.16,9.12533382134,20741400.0,0.0,1.0
2010-09-21,11.22,11.33,11.131,11.25,9.19892522312,26799500.0,0.0,1.0
2010-09-20,11.05,11.2,10.9,11.1601,9.12541558956,19301400.0,0.0,1.0
2010-09-17,11.13,11.15,10.88,11.0225,9.01290251306,23400800.0,0.0,1.0
2010-09-16,11.02,11.14,10.86,11.08,9.05991924197,21749900.0,0.0,1.0
2010-09-15,11.06,11.09,10.86,11.04,9.02721195229,18915700.0,0.0,1.0
2010-09-14,10.79,11.19,10.72,11.11,9.08444970924,26126400.0,0.0,1.0
2010-09-13,10.74,10.87,10.71,10.78,8.81461456936,23298900.0,0.0,1.0
2010-09-10,10.77,10.91,10.54,10.68,8.73284634515,22927900.0,0.0,1.0
2010-09-09,10.71,10.96,10.61,10.78,8.81461456936,24305500.0,0.0,1.0
2010-09-08,10.89,10.89,10.47,10.58,8.65107812095,30350500.0,0.0,1.0
2010-09-07,10.9119,10.95,10.72,10.82,8.84732185904,31502500.0,0.0,1.0
2010-09-03,11.01,11.1,10.79,10.98,8.97815101777,16798300.0,0.0,1.0
2010-09-02,10.67,10.81,10.59,10.79,8.82279139178,19587200.0,0.0,1.0
2010-09-01,10.51,10.9,10.5,10.71,8.75737681241,30718000.0,0.0,1.0
2010-08-31,10.44,10.6,10.27,10.37,8.47936485011,30117100.0,0.0,1.0
2010-08-30,10.67,10.74,10.47,10.47,8.56113307432,16357700.0,0.0,1.0
2010-08-27,10.58,10.78,10.3,10.685,8.73693475636,23280100.0,0.0,1.0
2010-08-26,10.75,10.81,10.51,10.53,8.61019400884,25302300.0,0.0,1.0
2010-08-25,10.49,10.77,10.33,10.71,8.75737681241,31905600.0,0.0,1.0
2010-08-24,10.82,10.9,10.59,10.5925,8.66129914897,37283900.0,0.0,1.0
2010-08-23,11.11,11.22,10.95,10.99,8.98632784019,26340400.0,0.07,1.0
2010-08-20,11.25,11.42,11.07,11.09,9.01070305133,27253900.0,0.0,1.0
2010-08-19,11.44,11.62,11.29,11.36,9.23007995159,21945000.0,0.0,1.0
2010-08-18,11.35,11.53,11.28,11.38,9.24633009235,12620500.0,0.0,1.0
2010-08-17,11.35,11.47,11.25,11.385,9.25039262754,15340600.0,0.0,1.0
2010-08-16,11.11,11.37,11.03,11.21,9.10820389589,19176600.0,0.0,1.0
2010-08-13,11.12,11.34,11.11,11.17,9.07570361437,15901300.0,0.0,1.0
2010-08-12,10.99,11.22,10.94,11.16,9.06757854399,27943900.0,0.0,1.0
2010-08-11,11.37,11.37,11.11,11.209,9.10739138885,20777200.0,0.0,1.0
2010-08-10,11.76,11.81,11.385,11.53,9.36820614805,25199900.0,0.0,1.0
2010-08-09,11.96,11.97,11.73,11.87,9.64445854096,9237100.0,0.0,1.0
2010-08-06,11.7,11.87,11.66,11.84,9.62008332982,15889700.0,0.0,1.0
2010-08-05,11.86,11.97,11.7,11.81,9.59570811868,14579900.0,0.0,1.0
2010-08-04,11.88,12.02,11.65,11.87,9.64445854096,17594100.0,0.0,1.0
2010-08-03,11.87,11.91,11.65,11.82,9.60383318906,23634000.0,0.0,1.0
2010-08-02,12.0,12.15,11.94,12.01,9.75820952628,20219400.0,0.0,1.0
2010-07-30,11.89,11.92,11.66,11.8,9.5875830483,26268400.0,0.0,1.0
2010-07-29,12.35,12.39,11.78,11.94,9.70133403362,36363600.0,0.0,1.0
2010-07-28,12.63,12.65,12.26,12.35,10.0344619192,18344100.0,0.0,1.0
2010-07-27,12.58,12.67,12.3,12.61,10.2457137491,19061900.0,0.0,1.0
2010-07-26,12.49,12.635,12.29,12.56,10.2050883972,15642600.0,0.0,1.0
2010-07-23,12.39,12.55,12.25,12.51,10.1644630453,14214700.0,0.0,1.0
2010-07-22,12.34,12.61,12.33,12.45,10.115712623,21862900.0,0.0,1.0
2010-07-21,12.6,12.71,12.17,12.2,9.9125858635,29922300.0,0.0,1.0
2010-07-20,12.12,12.37,11.89,12.34,10.0263368488,22747600.0,0.0,1.0
2010-07-19,12.25,12.4,12.19,12.378,10.0572121163,13306900.0,0.0,1.0
2010-07-16,12.42,12.45,12.18,12.19,9.90446079312,20576600.0,0.0,1.0
2010-07-15,12.51,12.57,12.27,12.46,10.1238376934,19689300.0,0.0,1.0
2010-07-14,12.67,12.78,12.46,12.53,10.180713186,20956900.0,0.0,1.0
2010-07-13,12.5,12.62,12.46,12.52,10.1725881157,23246500.0,0.0,1.0
2010-07-12,12.2,12.47,12.18,12.31,10.0019616377,13674300.0,0.0,1.0
2010-07-09,12.15,12.31,12.01,12.3,9.9938365673,18687300.0,0.0,1.0
2010-07-08,12.3,12.308,11.915,12.11,9.83946023008,26422700.0,0.0,1.0
2010-07-07,11.84,12.21,11.715,12.19,9.90446079312,26353900.0,0.0,1.0
2010-07-06,12.12,12.17,11.61,11.78,9.57133290754,30163700.0,0.0,1.0
2010-07-02,12.03,12.11,11.76,12.0,9.7500844559,21203700.0,0.0,1.0
2010-07-01,12.01,12.18,11.73,12.0,9.7500844559,27308500.0,0.0,1.0
2010-06-30,12.3,12.47,12.0,12.02,9.76633459666,25783300.0,0.0,1.0
2010-06-29,12.65,12.65,12.25,12.32,10.0100867081,29442500.0,0.0,1.0
2010-06-28,12.88,12.99,12.67,12.83,10.4244652974,16084100.0,0.0,1.0
2010-06-25,12.76,13.0078,12.5,12.945,10.5179036068,48303900.0,0.0,1.0
2010-06-24,13.03,13.07,12.67,12.7605,10.3679960583,19277700.0,0.0,1.0
2010-06-23,13.13,13.3,12.9,13.12,10.6600923385,17537000.0,0.0,1.0
2010-06-22,13.32,13.5,13.01,13.06,10.6113419162,16289100.0,0.0,1.0
2010-06-21,13.52,13.54,13.16,13.26,10.7738433238,14415400.0,0.0,1.0
2010-06-18,13.4,13.5,13.25,13.34,10.8388438868,15309000.0,0.0,1.0
2010-06-17,13.5,13.5,13.085,13.4,10.8875943091,15360000.0,0.0,1.0
2010-06-16,13.2,13.4925,13.1,13.39,10.8794692387,18674500.0,0.0,1.0
2010-06-15,12.71,13.3,12.66,13.26,10.7738433238,25381300.0,0.0,1.0
2010-06-14,12.8,12.92,12.66,12.69,10.3107143121,17292100.0,0.0,1.0
2010-06-11,12.4,12.78,12.365,12.69,10.3107143121,16438600.0,0.0,1.0
2010-06-10,12.36,12.63,12.32,12.53,10.180713186,21926600.0,0.0,1.0
2010-06-09,12.41,12.67,12.13,12.19,9.90446079312,19252100.0,0.0,1.0
2010-06-08,12.23,12.36,11.98,12.34,10.0263368488,18183000.0,0.0,1.0
2010-06-07,12.62,12.73,12.17,12.18,9.89633572274,19003400.0,0.0,1.0
2010-06-04,12.69,12.99,12.5,12.565,10.2091509324,20768200.0,0.0,1.0
2010-06-03,12.87,13.08,12.79,13.03,10.586966705,19915500.0,0.0,1.0
2010-06-02,12.67,12.87,12.53,12.85,10.4407154382,19568400.0,0.0,1.0
2010-06-01,12.83,13.0,12.58,12.59,10.2294636083,20702700.0,0.0,1.0
2010-05-28,13.01,13.1,12.75,12.92,10.4975909309,17231300.0,0.0,1.0
2010-05-27,12.8,13.11,12.8,13.07,10.6194669866,21642600.0,0.0,1.0
2010-05-26,12.75,12.94,12.5168,12.52,10.1725881157,24184000.0,0.0,1.0
2010-05-25,12.14,12.69,12.05,12.67,10.2944641714,25949500.0,0.0,1.0
2010-05-24,12.53,12.7,12.41,12.49,10.1482129045,20421700.0,0.07,1.0
2010-05-21,12.32,12.92,12.3,12.72,10.277489502,41207700.0,0.0,1.0
2010-05-20,12.5,13.04,12.34,12.69,10.25325014,46660600.0,0.0,1.0
2010-05-19,12.9,13.21,12.78,13.02,10.5198831224,36120400.0,0.0,1.0
2010-05-18,13.37,13.45,12.88,12.94,10.4552448236,25296700.0,0.0,1.0
2010-05-17,12.96,13.24,12.8,13.18,10.6491597199,18442600.0,0.0,1.0
2010-05-14,13.16,13.16,12.75,12.95,10.4633246109,27246300.0,0.0,1.0
2010-05-13,13.68,13.76,13.15,13.23,10.6895586566,22710400.0,0.0,1.0
2010-05-12,13.44,13.81,13.3899,13.77,11.1258671732,32924000.0,0.0,1.0
2010-05-11,13.03,13.61,12.96,13.36,10.7945958921,37536300.0,0.0,1.0
2010-05-10,12.99,13.39,12.85,13.19,10.6572395072,27919300.0,0.0,1.0
2010-05-07,12.64,12.74,12.03,12.5,10.0997341805,38398600.0,0.0,1.0
2010-05-06,13.12,13.36,11.99,12.71,10.2694097147,43990600.0,0.0,1.0
2010-05-05,13.27,13.48,13.08,13.22,10.6814788692,26151100.0,0.0,1.0
2010-05-04,13.82,13.82,13.18,13.39,10.8188352541,37264900.0,0.0,1.0
2010-05-03,13.85,14.1,13.77,14.0,11.3117022821,17456600.0,0.0,1.0
2010-04-30,14.31,14.31,13.76,13.78,11.1339469605,25896300.0,0.0,1.0
2010-04-29,14.1,14.28,14.01,14.26,11.5217767531,20898500.0,0.0,1.0
2010-04-28,14.02,14.16,13.85,14.05,11.3521012188,23997800.0,0.0,1.0
2010-04-27,14.31,14.39,13.9,13.93,11.2551437707,30107900.0,0.0,1.0
2010-04-26,14.45,14.57,14.3,14.36,11.6025746265,17270800.0,0.0,1.0
2010-04-23,14.37,14.48,14.18,14.47,11.6914522873,23701600.0,0.0,1.0
2010-04-22,14.22,14.41,13.97,14.37,11.6106544138,33118300.0,0.0,1.0
2010-04-21,14.47,14.5,14.115,14.43,11.6591331379,19225700.0,0.0,1.0
2010-04-20,14.37,14.46,14.23,14.46,11.6833724999,18477900.0,0.0,1.0
2010-04-19,14.255,14.39,13.99,14.3,11.5540959024,25694500.0,0.0,1.0
2010-04-16,14.27,14.45,14.18,14.36,11.6025746265,33765600.0,0.0,1.0
2010-04-15,14.45,14.49,14.26,14.34,11.5864150518,22965700.0,0.0,1.0
2010-04-14,14.04,14.5,14.0,14.41,11.6429735632,45410300.0,0.0,1.0
2010-04-13,13.6,13.84,13.561,13.8,11.1501065352,28384400.0,0.0,1.0
2010-04-12,13.5,13.74,13.42,13.63,11.0127501504,24211600.0,0.0,1.0
2010-04-09,13.36,13.47,13.31,13.465,10.8794336592,15446100.0,0.0,1.0
2010-04-08,13.5,13.5,13.3,13.34,10.7784363174,29173200.0,0.0,1.0
2010-04-07,13.47,13.71,13.37,13.58,10.9723512136,20870600.0,0.0,1.0
2010-04-06,13.43,13.555,13.39,13.48,10.8915533402,16452500.0,0.0,1.0
2010-04-05,13.42,13.61,13.37,13.52,10.9238724896,29330500.0,0.0,1.0
2010-04-01,13.63,13.73,13.2666,13.35,10.7865161047,37110700.0,0.0,1.0
2010-03-31,13.44,13.75,13.43,13.4675,10.881453606,40814400.0,0.0,1.0
2010-03-30,13.38,13.6,13.23,13.45,10.8673139782,39364900.0,0.0,1.0
2010-03-29,13.28,13.45,13.22,13.31,10.7541969553,27827600.0,0.0,1.0
2010-03-26,13.28,13.45,13.01,13.21,10.6733990819,30090900.0,0.0,1.0
2010-03-25,13.17,13.38,13.09,13.16,10.6330001452,38278400.0,0.0,1.0
2010-03-24,13.18,13.23,12.91,13.0,10.5037235477,34127100.0,0.0,1.0
2010-03-23,12.82,13.32,12.8,13.235,10.6935985503,39649700.0,0.0,1.0
2010-03-22,12.44,12.82,12.39,12.78,10.3259682261,26257100.0,0.0,1.0
2010-03-19,12.67,12.71,12.37,12.49,10.0916543931,24762900.0,0.0,1.0
2010-03-18,12.67,12.77,12.53,12.63,10.2047714159,18686400.0,0.0,1.0
2010-03-17,12.5,12.69,12.45,12.66,10.229010778,27773300.0,0.0,1.0
2010-03-16,12.23,12.49,12.2,12.45,10.0593352437,29795900.0,0.0,1.0
2010-03-15,12.33,12.33,12.12,12.23,9.88157992215,23660300.0,0.0,1.0
2010-03-12,12.55,12.55,12.3,12.36,9.98661715763,25069900.0,0.0,1.0
2010-03-11,12.5,12.52,12.28,12.41,10.0270160944,30593800.0,0.0,1.0
2010-03-10,12.29,12.55,12.26,12.53,10.1239735425,35119100.0,0.0,1.0
2010-03-09,12.3,12.415,12.24,12.29,9.93005864622,24562200.0,0.0,1.0
2010-03-08,12.52,12.53,12.31,12.36,9.98661715763,29715700.0,0.0,1.0
2010-03-05,12.33,12.43,12.23,12.29,9.93005864622,23992500.0,0.0,1.0
2010-03-04,12.4,12.48,12.09,12.26,9.90581928419,27418900.0,0.0,1.0
2010-03-03,12.45,12.55,12.34,12.39,10.0108565197,17029600.0,0.0,1.0
2010-03-02,12.55,12.64,12.35,12.42,10.0350958817,22421700.0,0.0,1.0
2010-03-01,12.3,12.5,12.29,12.5,10.0997341805,16465100.0,0.0,1.0
2010-02-26,12.27,12.3,12.03,12.24,9.8896597095,15882200.0,0.0,1.0
2010-02-25,12.07,12.25,11.94,12.22,9.87350013481,21748200.0,0.0,1.0
2010-02-24,12.08,12.42,12.05,12.27,9.91389907153,25624000.0,0.0,1.0
2010-02-23,12.45,12.48,11.94,12.01,9.70382460058,30237000.0,0.0,1.0
2010-02-22,12.5327,12.585,12.39,12.45,10.0593352437,22697700.0,0.06,1.0
2010-02-19,12.62,12.64,12.35,12.5,10.0512942084,29090400.0,0.0,1.0
2010-02-18,12.78,12.79,12.31,12.68,10.196032845,45212200.0,0.0,1.0
2010-02-17,13.09,13.15,12.75,12.99,10.4453049413,25202600.0,0.0,1.0
2010-02-16,12.67,12.97,12.56,12.95,10.4131407999,21663600.0,0.0,1.0
2010-02-12,12.3,12.72,12.15,12.47,10.0271711023,23748600.0,0.0,1.0
2010-02-11,12.22,12.53,12.06,12.47,10.0271711023,18388100.0,0.0,1.0
2010-02-10,12.2,12.315,12.1,12.23,9.83418625346,17213400.0,0.0,1.0
2010-02-09,12.24,12.4,12.04,12.15,9.76985797053,21123700.0,0.0,1.0
2010-02-08,12.25,12.33,12.03,12.07,9.7055296876,17976400.0,0.0,1.0
2010-02-05,11.8,12.27,11.68,12.23,9.83418625346,43781500.0,0.0,1.0
2010-02-04,12.22,12.22,11.66,11.8,9.48842173269,40737400.0,0.0,1.0
2010-02-03,12.35,12.48,12.12,12.28,9.8743914303,36170300.0,0.0,1.0
2010-02-02,12.59,12.59,12.35,12.51,10.0593352437,21525000.0,0.0,1.0
2010-02-01,12.34,12.56,12.23,12.52,10.0673762791,20227300.0,0.0,1.0
2010-01-29,12.78,12.85,12.15,12.18,9.79398107663,25601600.0,0.0,1.0
2010-01-28,13.08,13.09,12.35,12.61,10.1397455974,35016600.0,0.0,1.0
2010-01-27,12.75,13.07,12.69,13.04,10.4855101182,30448800.0,0.0,1.0
2010-01-26,12.72,13.01,12.64,12.65,10.1719097389,36897100.0,0.0,1.0
2010-01-25,12.66,12.94,12.59,12.64,10.1638687035,39765000.0,0.0,1.0
2010-01-22,13.35,13.39,12.61,12.63,10.1558276681,48104300.0,0.0,1.0
2010-01-21,13.86,14.09,13.5205,13.58,10.919726028,25265000.0,0.0,1.0
2010-01-20,13.83,13.89,13.65,13.8,11.096628806,19220200.0,0.0,1.0
2010-01-19,13.77,14.02,13.75,13.97,11.2333264073,14620900.0,0.0,1.0
2010-01-15,14.16,14.34,13.67,13.73,11.0403415585,36020100.0,0.0,1.0
2010-01-14,14.22,14.38,14.02,14.35,11.5388857512,26920500.0,0.0,1.0
2010-01-13,14.29,14.42,13.92,14.27,11.4745574683,25137300.0,0.0,1.0
2010-01-12,14.76,14.77,14.03,14.2,11.4182702207,40350900.0,0.0,1.0
2010-01-11,14.84,14.94,14.45,14.87,11.9570195903,33667800.0,0.0,1.0
2010-01-08,14.24,14.59,14.11,14.552,11.7013146656,41212100.0,0.0,1.0
2010-01-07,14.14,14.21,13.96,14.01,11.2654905487,21543200.0,0.0,1.0
2010-01-06,14.23,14.4,14.1,14.16,11.3861060792,13704800.0,0.0,1.0
2010-01-05,14.24,14.38,14.04,14.19,11.4102291853,15173200.0,0.0,1.0
2010-01-04,14.05,14.57,14.03,14.3,11.4986805744,18615100.0,0.0,1.0
2009-12-31,14.05,14.14,13.92,13.94,11.2092033012,9030100.0,0.0,1.0
2009-12-30,13.7,14.1,13.7,14.06,11.3056957256,10209300.0,0.0,1.0
2009-12-29,13.83,13.93,13.71,13.74,11.0483825938,7450500.0,0.0,1.0
2009-12-28,14.04,14.07,13.75,13.86,11.1448750182,9190200.0,0.0,1.0
2009-12-24,13.99,14.01,13.93,14.0,11.2574495134,5663500.0,0.0,1.0
2009-12-23,14.09,14.22,13.91,13.95,11.2172443365,16898800.0,0.0,1.0
2009-12-22,13.9,14.05,13.88,13.94,11.2092033012,13939300.0,0.0,1.0
2009-12-21,13.77,13.86,13.72,13.84,11.1287929475,12559500.0,0.0,1.0
2009-12-18,13.46,13.63,13.34,13.62,10.9518901694,19238000.0,0.0,1.0
2009-12-17,13.51,13.6,13.35,13.35,10.7347822145,11954600.0,0.0,1.0
2009-12-16,13.57,13.99,13.53,13.59,10.9277670633,29117200.0,0.0,1.0
2009-12-15,13.47,13.71,13.44,13.53,10.8795208511,13025200.0,0.0,1.0
2009-12-14,13.53,13.59,13.31,13.56,10.9036439572,14425300.0,0.0,1.0
2009-12-11,13.35,13.57,13.21,13.38,10.7589053206,12818900.0,0.0,1.0
2009-12-10,13.49,13.64,13.27,13.31,10.7026180731,18145000.0,0.0,1.0
2009-12-09,13.24,13.49,13.14,13.49,10.8473567097,17299400.0,0.0,1.0
2009-12-08,13.24,13.4,13.02,13.32,10.7106591084,17692500.0,0.0,1.0
2009-12-07,13.23,13.515,13.23,13.25,10.6543718609,19519500.0,0.0,1.0
2009-12-04,13.23,13.56,13.05,13.32,10.7106591084,20060100.0,0.0,1.0
2009-12-03,13.09,13.27,13.04,13.07,10.5096332243,17780600.0,0.0,1.0
2009-12-02,12.89,13.0775,12.84,13.0,10.4533459767,18043300.0,0.0,1.0
2009-12-01,12.42,12.95,12.4,12.89,10.3648945877,33235300.0,0.0,1.0
2009-11-30,12.26,12.34,12.12,12.31,9.8985145364,14255500.0,0.0,1.0
2009-11-27,12.1,12.405,12.04,12.29,9.88243246566,9014600.0,0.0,1.0
2009-11-25,12.36,12.49,12.3,12.43,9.9950069608,7812300.0,0.0,1.0
2009-11-24,12.4,12.42,12.25,12.35,9.93067867786,14420500.0,0.0,1.0
2009-11-23,12.41,12.59,12.33,12.4,9.9708838547,13601600.0,0.0,1.0
2009-11-20,12.38,12.42,12.2,12.28,9.8743914303,22403300.0,0.0,1.0
2009-11-19,12.66,12.69,12.37,12.48,10.0352121376,17764800.0,0.0,1.0
2009-11-18,12.95,12.98,12.8,12.86,10.3407714816,15122300.0,0.0,1.0
2009-11-17,12.98,13.08,12.85,12.94,10.4050997645,18130700.0,0.0,1.0
2009-11-16,12.8,13.06,12.8,13.0499,10.4934707432,21060700.0,0.0,1.0
2009-11-13,12.86,12.93,12.61,12.72,10.2281969864,29700700.0,0.0,1.0
2009-11-12,12.99,13.24,12.78,12.82,10.3086073401,26637900.0,0.0,1.0
2009-11-11,13.3,13.41,13.15,13.25,10.6543718609,35528500.0,0.0,1.0
2009-11-10,13.25,13.3,12.91,13.0,10.4533459767,21536700.0,0.0,1.0
2009-11-09,12.65,13.06,12.57,12.98,10.437263906,22117300.0,0.06,1.0
2009-11-06,12.39,12.58,12.25,12.4,9.92500555475,13428500.0,0.0,1.0
2009-11-05,12.13,12.44,12.1001,12.4,9.92500555475,16583100.0,0.0,1.0
2009-11-04,12.08,12.15,11.93,11.94,9.55681986482,21557300.0,0.0,1.0
2009-11-03,12.06,12.1,11.78,11.89,9.51679968113,30794800.0,0.0,1.0
2009-11-02,12.22,12.4712,12.1,12.3,9.84496518737,16789800.0,0.0,1.0
2009-10-30,12.71,12.73,12.16,12.2,9.76492482,19518300.0,0.0,1.0
2009-10-29,12.42,12.77,12.4,12.75,10.2051468406,15933600.0,0.0,1.0
2009-10-28,12.56,12.74,11.48,12.37,9.90099344454,17465200.0,0.0,1.0
2009-10-27,12.92,13.13,12.6,12.62,10.101094363,15772400.0,0.0,1.0
2009-10-26,12.97,13.24,12.85,12.93,10.3492195018,18894300.0,0.0,1.0
2009-10-23,13.24,13.25,12.8,12.95,10.3652275753,18521100.0,0.0,1.0
2009-10-22,13.125,13.28,13.01,13.23,10.589340604,18399300.0,0.0,1.0
2009-10-21,13.42,13.67,13.08,13.12,10.5012961999,20756100.0,0.0,1.0
2009-10-20,13.54,13.76,13.38,13.47,10.7814374857,15018800.0,0.0,1.0
2009-10-19,13.38,13.6,13.26,13.54,10.8374657428,15907400.0,0.0,1.0
2009-10-16,13.43,13.51,13.14,13.38,10.709401155,17104500.0,0.0,1.0
2009-10-15,13.69,13.75,13.5,13.59,10.8774859265,16347700.0,0.0,1.0
2009-10-14,13.74,13.75,13.41,13.71,10.9735343674,30979500.0,0.0,1.0
2009-10-13,13.69,13.7,13.4,13.44,10.7574253755,19684800.0,0.0,1.0
2009-10-12,13.3,13.85,13.26,13.62,10.9014980368,30489200.0,0.0,1.0
2009-10-09,13.04,13.23,12.92,13.22,10.5813365672,25176600.0,0.0,1.0
2009-10-08,13.06,13.15,12.82,13.08,10.4692800529,23178100.0,0.0,1.0
2009-10-07,13.14,13.15,12.93,13.01,10.4132517958,12479200.0,0.0,1.0
2009-10-06,12.92,13.26,12.92,13.15,10.5253083101,19362100.0,0.0,1.0
2009-10-05,12.8,12.81,12.54,12.76,10.2131508773,28842800.0,0.0,1.0
2009-10-02,12.75,12.839,12.63,12.68,10.1491185834,24565300.0,0.0,1.0
2009-10-01,13.38,13.51,12.88,12.8899,10.3171233145,28866700.0,0.0,1.0
2009-09-30,13.42,13.54,13.08,13.38,10.709401155,23425700.0,0.0,1.0
2009-09-29,13.51,13.535,13.25,13.28,10.6293607877,14589300.0,0.0,1.0
2009-09-28,13.42,13.64,13.41,13.5,10.8054495959,17814300.0,0.0,1.0
2009-09-25,12.96,13.15,12.9,13.1,10.4852881264,19480000.0,0.0,1.0
2009-09-24,13.28,13.3,12.79,13.02,10.4212558325,23484200.0,0.0,1.0
2009-09-23,13.47,13.5,13.21,13.24,10.5973446407,24798800.0,0.0,1.0
2009-09-22,12.85,13.34,12.83,13.27,10.6213567509,33485300.0,0.0,1.0
2009-09-21,12.85,12.86,12.56,12.66,10.1331105099,43636400.0,0.0,1.0
2009-09-18,13.05,13.19,12.95,13.03,10.4292598692,23707300.0,0.0,1.0
2009-09-17,13.34,13.36,12.92,13.03,10.4292598692,32023300.0,0.0,1.0
2009-09-16,13.48,13.5,13.29,13.39,10.7174051918,27157200.0,0.0,1.0
2009-09-15,13.35,13.4,13.15,13.35,10.6853890448,21158400.0,0.0,1.0
2009-09-14,13.39,13.49,13.14,13.3,10.6453688611,26491400.0,0.0,1.0
2009-09-11,13.71,13.84,13.45,13.51,10.8134536326,17211000.0,0.0,1.0
2009-09-10,13.92,13.98,13.53,13.64,10.9175061102,29222200.0,0.0,1.0
2009-09-09,13.64,13.92,13.53,13.9,11.1256110654,17332200.0,0.0,1.0
2009-09-08,13.53,13.69,13.4,13.68,10.9495222572,15642400.0,0.0,1.0
2009-09-04,13.28,13.45,13.17,13.45,10.7654294122,12219200.0,0.0,1.0
2009-09-03,13.04,13.18,12.9,13.15,10.5253083101,15156400.0,0.0,1.0
2009-09-02,12.82,13.03,12.75,12.97,10.3812356488,20925500.0,0.0,1.0
2009-09-01,13.1,13.46,12.88,12.93,10.3492195018,23470200.0,0.0,1.0
2009-08-31,13.14,13.26,13.03,13.18,10.5493204203,14035600.0,0.0,1.0
2009-08-28,13.59,13.67,13.13,13.27,10.6213567509,23671400.0,0.0,1.0
2009-08-27,13.26,13.35,13.12,13.29,10.6373648244,22326100.0,0.0,1.0
2009-08-26,13.23,13.43,13.16,13.32,10.6613769346,23750300.0,0.0,1.0
2009-08-25,13.51,13.61,13.19,13.25,10.6053486775,21764000.0,0.0,1.0
2009-08-24,13.76,13.98,13.41,13.48,10.7894415224,21701900.0,0.0,1.0
2009-08-21,13.58,13.75,13.32,13.74,10.9975464776,15982000.0,0.0,1.0
2009-08-20,13.31,13.5,13.26,13.46,10.7734334489,10963900.0,0.0,1.0
2009-08-19,13.17,13.39,13.13,13.3,10.6453688611,19672200.0,0.0,1.0
2009-08-18,13.19,13.4,13.17,13.37,10.7013971183,15114000.0,0.0,1.0
2009-08-17,13.32,13.36,13.01,13.12,10.5012961999,18724400.0,0.0,1.0
2009-08-14,13.98,13.98,13.4,13.55,10.8454697796,24200200.0,0.0,1.0
2009-08-13,13.79,13.98,13.55,13.97,11.1816393226,23271000.0,0.0,1.0
2009-08-12,13.42,13.9,13.37,13.66,10.9335141837,36915100.0,0.0,1.0
2009-08-11,13.52,13.54,13.16,13.22,10.5813365672,28352400.0,0.06,1.0
2009-08-10,13.57,13.66,13.31,13.53,10.7805334153,17885100.0,0.0,1.0
2009-08-07,13.725,13.78,13.4,13.52,10.7725655413,16724400.0,0.0,1.0
2009-08-06,13.8,13.89,13.37,13.41,10.6849189282,18998000.0,0.0,1.0
2009-08-05,13.91,14.03,13.625,13.73,10.9398908937,12304000.0,0.0,1.0
2009-08-04,13.86,14.01,13.73,13.94,11.107216246,13313700.0,0.0,1.0
2009-08-03,13.97,14.13,13.8,14.01,11.1629913635,15440800.0,0.0,1.0
2009-07-31,13.64,14.06,13.625,13.8,10.9956660111,21715500.0,0.0,1.0
2009-07-30,13.83,14.19,13.56,13.63,10.8602121545,24344100.0,0.0,1.0
2009-07-29,13.25,13.71,13.21,13.61,10.8442764066,21323200.0,0.0,1.0
2009-07-28,13.19,13.52,13.1,13.38,10.6610153065,15455500.0,0.0,1.0
2009-07-27,13.15,13.32,12.9285,13.31,10.605240189,17350300.0,0.0,1.0
2009-07-24,13.21,13.26,12.91,13.19,10.509625702,21673800.0,0.0,1.0
2009-07-23,13.27,13.51,13.05,13.49,10.7486619196,23406700.0,0.0,1.0
2009-07-22,12.76,13.35,12.65,13.25,10.5574329455,22702200.0,0.0,1.0
2009-07-21,12.8,12.84,12.34,12.83,10.2227822408,25177200.0,0.0,1.0
2009-07-20,12.74,12.86,12.54,12.79,10.1909107451,16269200.0,0.0,1.0
2009-07-17,12.73,12.75,12.29,12.67,10.0952962581,22772400.0,0.0,1.0
2009-07-16,12.17,12.76,12.11,12.74,10.1510713755,28989900.0,0.0,1.0
2009-07-15,11.87,12.34,11.83,12.31,9.80845279689,43987100.0,0.0,1.0
2009-07-14,11.44,11.69,11.42,11.64,9.27460524418,19998500.0,0.0,1.0
2009-07-13,11.045,11.44,10.82,11.42,9.09931201792,24363300.0,0.0,1.0
2009-07-10,10.89,11.12,10.79,11.0,8.76466131323,16716800.0,0.0,1.0
2009-07-09,10.83,11.03,10.792,10.95,8.72482194362,20370600.0,0.0,1.0
2009-07-08,10.9,10.94,10.54,10.72,8.54156084344,18479600.0,0.0,1.0
2009-07-07,11.25,11.47,10.9,10.93,8.70888619578,21939500.0,0.0,1.0
2009-07-06,11.07,11.41,10.86,11.25,8.96385816126,27012000.0,0.0,1.0
2009-07-02,10.95,11.31,10.93,11.13,8.8682436742,29233400.0,0.0,1.0
2009-07-01,11.05,11.38,11.0,11.13,8.8682436742,18804000.0,0.0,1.0
2009-06-30,11.04,11.23,10.82,11.01,8.77262918715,16717700.0,0.0,1.0
2009-06-29,10.92,11.14,10.83,11.05,8.80450068283,12605400.0,0.0,1.0
2009-06-26,10.93,11.18,10.88,10.91,8.69295044794,37768400.0,0.0,1.0
2009-06-25,10.67,10.98,10.63,10.97,8.74075769146,12559600.0,0.0,1.0
2009-06-24,10.68,10.975,10.67,10.8,8.60530383481,15296600.0,0.0,1.0
2009-06-23,10.46,10.7,10.305,10.61,8.4539142303,18038400.0,0.0,1.0
2009-06-22,10.9,11.0,10.5,10.5,8.36626761717,18246400.0,0.0,1.0
2009-06-19,10.97,11.07,10.81,10.98,8.74872556539,17415400.0,0.0,1.0
2009-06-18,10.99,11.04,10.81,10.84,8.63717533049,13068800.0,0.0,1.0
2009-06-17,10.91,11.1,10.62,10.94,8.7168540697,23691800.0,0.0,1.0
2009-06-16,11.18,11.22,10.86,10.9,8.68498257402,17857900.0,0.0,1.0
2009-06-15,11.07,11.2024,10.85,11.1,8.84434005244,18816300.0,0.0,1.0
2009-06-12,11.19,11.24,10.97,11.23,8.94792241341,17009800.0,0.0,1.0
2009-06-11,10.98,11.2,10.8799,11.15,8.88417942204,22572500.0,0.0,1.0
2009-06-10,11.16,11.17,10.7,10.92,8.70091832186,21994100.0,0.0,1.0
2009-06-09,10.98,11.16,10.845,11.03,8.78856493499,32116200.0,0.0,1.0
2009-06-08,10.95,11.06,10.75,10.86,8.65311107833,20794900.0,0.0,1.0
2009-06-05,11.28,11.4,10.85,10.98,8.74872556539,24078500.0,0.0,1.0
2009-06-04,11.42,11.69,11.39,11.54,9.19492650497,16667000.0,0.0,1.0
2009-06-03,11.26,11.45,11.13,11.38,9.06744052223,17456800.0,0.0,1.0
2009-06-02,11.87,11.88,11.5,11.61,9.25070162242,19933600.0,0.0,1.0
2009-06-01,11.44,12.1,11.4,12.06,9.60925594887,22167900.0,0.0,1.0
2009-05-29,11.35,11.4,10.93,11.26,8.97182603518,22229400.0,0.0,1.0
2009-05-28,11.16,11.37,10.96,11.3,9.00369753086,20510200.0,0.0,1.0
2009-05-27,10.82,11.4,10.7,11.08,8.8284043046,28172200.0,0.0,1.0
2009-05-26,10.51,11.14,10.47,10.93,8.70888619578,22480900.0,0.0,1.0
2009-05-22,10.65,10.85,10.47,10.67,8.50172147383,12469200.0,0.0,1.0
2009-05-21,10.87,11.03,10.5,10.64,8.47781785207,18134000.0,0.0,1.0
2009-05-20,11.15,11.46,10.92,10.97,8.74075769146,20966100.0,0.0,1.0
2009-05-19,11.2,11.31,10.99,11.13,8.8682436742,14461100.0,0.0,1.0
2009-05-18,10.82,11.15,10.82,11.12,8.86027580028,16505500.0,0.0,1.0
2009-05-15,11.05,11.11,10.595,10.71,8.53359296952,23573000.0,0.0,1.0
2009-05-14,11.1625,11.375,10.95,11.06,8.81246855675,21511500.0,0.0,1.0
2009-05-13,11.14,11.37,10.76,10.99,8.75669343931,31486300.0,0.0,1.0
2009-05-12,11.93,11.93,11.15,11.48,9.14711926144,27726900.0,0.06,1.0
2009-05-11,11.75,12.08,11.48,11.78,9.33735397745,20262700.0,0.0,1.0
2009-05-08,12.09,12.1,11.41,11.89,9.42454488896,20507400.0,0.0,1.0
2009-05-07,12.8,12.81,11.635,11.85,9.39283910295,27032100.0,0.0,1.0
2009-05-06,12.59,12.79,12.28,12.68,10.0507341625,18506200.0,0.0,1.0
2009-05-05,12.75,12.88,12.16,12.39,9.82086721397,19712300.0,0.0,1.0
2009-05-04,12.3,12.88,12.24,12.76,10.1141457345,17457800.0,0.0,1.0
2009-05-01,12.46,12.48,11.89,12.18,9.65441183747,13775000.0,0.0,1.0
2009-04-30,11.8,12.4,11.65,12.21,9.67819117697,22840300.0,0.0,1.0
2009-04-29,11.44,11.85,11.3,11.59,9.18675149394,15526200.0,0.0,1.0
2009-04-28,11.52,11.68,11.24,11.41,9.04407545694,13298300.0,0.0,1.0
2009-04-27,11.6,11.915,11.44,11.59,9.18675149394,15428500.0,0.0,1.0
2009-04-24,11.48,11.77,11.18,11.7,9.27394240545,17371900.0,0.0,1.0
2009-04-23,11.7,11.7,11.0,11.45,9.07578124294,20837200.0,0.0,1.0
2009-04-22,11.21,11.94,11.05,11.61,9.20260438694,21850700.0,0.0,1.0
2009-04-21,11.19,11.49,10.95,11.25,8.91725231293,20549300.0,0.0,1.0
2009-04-20,11.67,11.75,11.05,11.13,8.82213495493,21150700.0,0.0,1.0
2009-04-17,11.85,11.99,11.48,11.92,9.44832422846,19630600.0,0.0,1.0
2009-04-16,11.74,11.85,11.32,11.83,9.37698620995,14536400.0,0.0,1.0
2009-04-15,11.45,11.54,11.14,11.43,9.05992834994,17836400.0,0.0,1.0
2009-04-14,11.44,11.89,11.23,11.76,9.32150108445,27541500.0,0.0,1.0
2009-04-13,11.46,11.63,11.21,11.51,9.12333992194,15820500.0,0.0,1.0
2009-04-09,10.95,11.47,10.9,11.45,9.07578124294,16858800.0,0.0,1.0
2009-04-08,10.53,10.83,10.48,10.75,8.52092998791,16453500.0,0.0,1.0
2009-04-07,11.09,11.2,10.4,10.55,8.3624010579,26516200.0,0.0,1.0
2009-04-06,11.7,11.76,11.25,11.56,9.16297215444,17990000.0,0.0,1.0
2009-04-03,11.5,11.82,11.3912,11.81,9.36113331695,21739300.0,0.0,1.0
2009-04-02,11.05,11.6,10.98,11.44,9.06785479644,19923100.0,0.0,1.0
2009-04-01,10.55,10.83,10.45,10.76,8.52885643441,17294600.0,0.0,1.0
2009-03-31,10.79,10.92,10.58,10.75,8.52092998791,17575200.0,0.0,1.0
2009-03-30,10.91,11.01,10.47,10.66,8.44959196941,18865700.0,0.0,1.0
2009-03-27,11.43,11.5,11.2,11.23,8.90139941993,18660600.0,0.0,1.0
2009-03-26,11.06,11.69,10.9,11.62,9.21053083344,30269800.0,0.0,1.0
2009-03-25,10.65,11.17,10.61,10.99,8.71116470392,29996900.0,0.0,1.0
2009-03-24,10.81,10.9,10.55,10.62,8.41788618341,16440800.0,0.0,1.0
2009-03-23,10.47,11.07,10.44,11.06,8.76664982942,23166500.0,0.0,1.0
2009-03-20,10.86,10.96,10.08,10.21,8.09290187689,23658600.0,0.0,1.0
2009-03-19,10.98,10.99,10.55,10.7,8.48129775541,18977500.0,0.0,1.0
2009-03-18,10.53,10.9,10.45,10.85,8.60019445292,26293300.0,0.0,1.0
2009-03-17,10.47,10.7,10.22,10.7,8.48129775541,25520900.0,0.0,1.0
2009-03-16,10.68,10.8,10.35,10.43,8.2672836999,35792600.0,0.0,1.0
2009-03-13,10.14,10.61,10.01,10.59,8.39410684391,32285000.0,0.0,1.0
2009-03-12,9.48,10.18,9.44,10.14,8.03741675139,24807100.0,0.0,1.0
2009-03-11,9.29,9.67,9.18,9.6,7.60938864037,22364100.0,0.0,1.0
2009-03-10,8.7,9.25,8.57,9.22,7.30818367335,24799600.0,0.0,1.0
2009-03-09,8.48,9.07,8.46,8.58,6.80089109733,19395500.0,0.0,1.0
2009-03-06,9.0927,9.29,8.45,8.7,6.89600845533,43140600.0,0.0,1.0
2009-03-05,9.08,9.39,9.01,9.04,7.16550763635,23433200.0,0.0,1.0
2009-03-04,8.9,9.44,8.89,9.3,7.37159524536,21710000.0,0.0,1.0
2009-03-03,8.99,9.07,8.7,8.85,7.01490515284,21909600.0,0.0,1.0
2009-03-02,9.05,9.3,8.78,8.85,7.01490515284,28072200.0,0.0,1.0
2009-02-27,9.64,9.9,9.21,9.21,7.30025722685,39333000.0,0.0,1.0
2009-02-26,9.46,9.99,9.35,9.84,7.79962335638,54131800.0,0.0,1.0
2009-02-25,8.64,9.79,8.54,9.45,7.49049194286,46238400.0,0.0,1.0
2009-02-24,8.5,8.78,8.41,8.74,6.92771424133,22530800.0,0.0,1.0
2009-02-23,8.8,8.92,8.33,8.37,6.63443572082,24107800.0,0.0,1.0
2009-02-20,8.3,8.93,8.19,8.76,6.94356713434,33707700.0,0.0,1.0
2009-02-19,8.76,8.77,8.25,8.34,6.61065638132,30449500.0,0.0,1.0
2009-02-18,8.64,8.94,8.41,8.59,6.80881754383,23256200.0,0.0,1.0
2009-02-17,9.1,9.15,8.58,8.61,6.82467043683,27833800.0,0.0,1.0
2009-02-13,9.4,9.59,9.26,9.51,7.53805062186,28518300.0,0.0,1.0
2009-02-12,9.59,9.69,9.07,9.42,7.46671260336,39398000.0,0.0,1.0
2009-02-11,9.47,10.05,9.46,9.77,7.74413823087,26078000.0,0.0,1.0
2009-02-10,10.05,10.42,9.68,9.69,7.68072665887,35956700.0,0.06,1.0
2009-02-09,10.46,10.56,10.12,10.2,8.03522173543,27047400.0,0.0,1.0
2009-02-06,10.23,10.51,10.14,10.45,8.23216344464,17174400.0,0.0,1.0
2009-02-05,9.66,10.3,9.66,10.23,8.05885474054,22772300.0,0.0,1.0
2009-02-04,9.56,10.23,9.46,9.83,7.74374800582,23412900.0,0.0,1.0
2009-02-03,9.4,9.59,9.13,9.58,7.54680629661,21220400.0,0.0,1.0
2009-02-02,9.25,9.52,9.07,9.41,7.41288593436,24355400.0,0.0,1.0
2009-01-30,9.69,9.87,9.31,9.37,7.38137526088,21253500.0,0.0,1.0
2009-01-29,10.12,10.2,9.47,9.6,7.56256163335,22718500.0,0.0,1.0
2009-01-28,10.23,10.47,10.16,10.38,8.17701976606,15670800.0,0.0,1.0
2009-01-27,9.88,10.28,9.86,10.08,7.94068971502,18314000.0,0.0,1.0
2009-01-26,9.62,10.09,9.51,9.83,7.74374800582,17655300.0,0.0,1.0
2009-01-23,8.95,9.89,8.94,9.71,7.6492159854,19632800.0,0.0,1.0
2009-01-22,9.03,9.41,8.85,9.15,7.20806655679,20272500.0,0.0,1.0
2009-01-21,9.61,9.61,9.0,9.42,7.42076360272,25715400.0,0.0,1.0
2009-01-20,10.03,10.147,9.4,9.4,7.40500826599,17276300.0,0.0,1.0
2009-01-16,10.18,10.31,9.61,10.18,8.0194663987,24984100.0,0.0,1.0
2009-01-15,9.78,9.84,9.29,9.7,7.64133831703,20151000.0,0.0,1.0
2009-01-14,9.92,10.04,9.58,9.73,7.66497132213,15423400.0,0.0,1.0
2009-01-13,9.82,10.63,9.75,10.19,8.02734406707,22413900.0,0.0,1.0
2009-01-12,10.4,10.44,9.91,10.0,7.87766836807,20137600.0,0.0,1.0
2009-01-09,10.775,10.81,10.33,10.37,8.16914209769,17581600.0,0.0,1.0
2009-01-08,10.47,10.76,10.27,10.74,8.46061582731,22078800.0,0.0,1.0
2009-01-07,11.17,11.31,10.47,10.6,8.35032847016,25620900.0,0.0,1.0
2009-01-06,10.84,11.71,10.74,11.58,9.12233997023,26660800.0,0.0,1.0
2009-01-05,10.44,10.8,10.37,10.67,8.40547214873,16247500.0,0.0,1.0
2009-01-02,10.12,10.72,10.01,10.67,8.40547214873,10074600.0,0.0,1.0
2008-12-31,10.16,10.4,10.05,10.13,7.98007805686,9470900.0,0.0,1.0
2008-12-30,9.8,10.25,9.75,10.15,7.99583339359,8929900.0,0.0,1.0
2008-12-29,9.7,9.81,9.58,9.8,7.72011500071,9909000.0,0.0,1.0
2008-12-26,9.8,9.87,9.52,9.69,7.63346064866,5963200.0,0.0,1.0
2008-12-24,9.77,9.88,9.69,9.83,7.74374800582,3269400.0,0.0,1.0
2008-12-23,10.24,10.24,9.65,9.72,7.65709365377,11817100.0,0.0,1.0
2008-12-22,10.01,10.18,9.93,10.15,7.99583339359,13594900.0,0.0,1.0
2008-12-19,10.49,10.51,10.05,10.13,7.98007805686,19571300.0,0.0,1.0
2008-12-18,10.6599,10.73,9.99,10.1,7.95644505175,14344100.0,0.0,1.0
2008-12-17,10.63,10.85,10.32,10.67,8.40547214873,18428100.0,0.0,1.0
2008-12-16,10.32,10.76,10.26,10.75,8.46849349568,28177300.0,0.0,1.0
2008-12-15,10.45,10.57,9.98,10.19,8.02734406707,18979300.0,0.0,1.0
2008-12-12,9.8,10.49,9.8,10.45,8.23216344464,17175900.0,0.0,1.0
2008-12-11,10.26,10.63,10.0,10.06,7.92493437828,17044300.0,0.0,1.0
2008-12-10,10.33,10.8,10.205,10.35,8.15338676096,17261600.0,0.0,1.0
2008-12-09,9.85,10.83,9.62,10.31,8.12187608748,22840400.0,0.0,1.0
2008-12-08,10.07,10.11,9.75,10.01,7.88554603644,21967900.0,0.0,1.0
2008-12-05,9.46,10.01,9.13,10.0,7.87766836807,24249500.0,0.0,1.0
2008-12-04,9.4,10.05,9.29,9.52,7.49954028641,30945100.0,0.0,1.0
2008-12-03,8.75,9.38,8.57,9.31,7.33410925068,17782800.0,0.0,1.0
2008-12-02,9.01,9.14,8.61,8.99,7.0820238629,19257300.0,0.0,1.0
2008-12-01,9.36,9.36,8.83,8.88,6.99536951085,20152000.0,0.0,1.0
2008-11-28,9.68,9.75,9.36,9.58,7.54680629661,8466300.0,0.0,1.0
2008-11-26,8.54,9.74,8.5,9.73,7.66497132213,26725300.0,0.0,1.0
2008-11-25,9.0245,9.08,8.52,8.71,6.86144914859,19686500.0,0.0,1.0
2008-11-24,8.58,8.84,8.42,8.84,6.96385883738,26705200.0,0.0,1.0
2008-11-21,8.26,8.45,7.8,8.35,6.57785308734,30346300.0,0.0,1.0
2008-11-20,8.38,8.85,8.12,8.14,6.41242205161,34278500.0,0.0,1.0
2008-11-19,9.42,9.48,8.41,8.42,6.63299676592,28323000.0,0.0,1.0
2008-11-18,10.05,10.09,9.15,9.5,7.48378494967,26717300.0,0.0,1.0
2008-11-17,10.14,10.33,9.96,10.0,7.87766836807,17565800.0,0.0,1.0
2008-11-14,10.75,10.86,10.09,10.23,8.05885474054,19696300.0,0.0,1.0
2008-11-13,9.99,11.37,9.91,11.37,8.9569089345,35003800.0,0.0,1.0
2008-11-12,10.47,10.7618,9.95,9.95,7.83828002623,26195800.0,0.0,1.0
2008-11-11,10.55,10.77,10.22,10.65,8.389716812,17514300.0,0.0,1.0
2008-11-10,11.4,11.44,10.61,10.71,8.43698282221,19899800.0,0.06,1.0
2008-11-07,11.12,11.32,10.9,11.3,8.85217324893,17390700.0,0.0,1.0
2008-11-06,12.22,12.22,10.84,10.89,8.53098820184,30932700.0,0.0,1.0
2008-11-05,13.09,13.2,12.43,12.46,9.76089191873,16522100.0,0.0,1.0
2008-11-04,13.35,13.53,12.9,13.31,10.4267633578,19158500.0,0.0,1.0
2008-11-03,13.0,13.24,12.78,12.96,10.1525810005,13619800.0,0.0,1.0
2008-10-31,11.96,13.18,11.93,12.91,10.1134120924,27695700.0,0.0,1.0
2008-10-30,12.41,12.56,11.94,12.08,9.46320821655,24535300.0,0.0,1.0
2008-10-29,12.35,12.39,11.85,11.98,9.38487040019,21532200.0,0.0,1.0
2008-10-28,11.69,12.46,11.19,12.44,9.74522435545,26263800.0,0.0,1.0
2008-10-27,11.17,11.92,10.92,11.3,8.85217324893,20854500.0,0.0,1.0
2008-10-24,10.52,11.74,10.52,11.4,8.93051106529,26553300.0,0.0,1.0
2008-10-23,11.34,11.74,10.94,11.36,8.89917593874,30419500.0,0.0,1.0
2008-10-22,12.02,12.42,11.53,11.64,9.11852182456,25285800.0,0.0,1.0
2008-10-21,12.5,12.55,12.19,12.22,9.57288115946,22404800.0,0.0,1.0
2008-10-20,12.49,13.12,12.4,12.76,9.99590536781,32603700.0,0.0,1.0
2008-10-17,12.38,13.08,11.94,11.99,9.39270418182,29851100.0,0.0,1.0
2008-10-16,11.65,12.5302,11.11,12.53,9.81572839018,34719200.0,0.0,1.0
2008-10-15,12.6,12.75,11.5,11.51,9.01668266329,37557300.0,0.0,1.0
2008-10-14,13.94,14.02,12.7,12.75,9.98807158618,37530200.0,0.0,1.0
2008-10-13,13.29,13.43,12.79,13.39,10.4894336109,25084800.0,0.0,1.0
2008-10-10,12.47,13.68,12.15,12.7,9.948902678,50066700.0,0.0,1.0
2008-10-09,12.81,13.1,12.67,12.8,10.0272404944,38785700.0,0.0,1.0
2008-10-08,12.01,13.05,11.93,12.47,9.76872570036,37665200.0,0.0,1.0
2008-10-07,13.655,13.8,12.3459,12.35,9.67472032073,41995700.0,0.0,1.0
2008-10-06,14.0,14.0,12.87,13.54,10.6069403354,40108000.0,0.0,1.0
2008-10-03,14.42,14.93,14.08,14.19,11.1161361418,26481900.0,0.0,1.0
2008-10-02,14.86,14.925,14.2681,14.27,11.1788063949,24549000.0,0.0,1.0
2008-10-01,14.96,15.15,14.77,14.96,11.7193373278,18832000.0,0.0,1.0
2008-09-30,15.07,15.25,14.96,15.13,11.8525116156,22555300.0,0.0,1.0
2008-09-29,15.69,15.88,14.6289,14.63,11.4608225338,27600100.0,0.0,1.0
2008-09-26,15.69,16.1,15.62,15.95,12.4948817098,19740600.0,0.0,1.0
2008-09-25,15.73,16.15,15.59,16.02,12.5497181812,19542200.0,0.0,1.0
2008-09-24,15.6,15.95,15.56,15.64,12.252034479,17158100.0,0.0,1.0
2008-09-23,15.6,15.95,15.5,15.56,12.189364226,21363600.0,0.0,1.0
2008-09-22,15.985,16.148,15.48,15.49,12.1345277545,21099200.0,0.0,1.0
2008-09-19,16.35,16.43,6.24,15.9,12.4557128016,415200.0,0.0,1.0
2008-09-18,15.98,16.12,15.3,15.93,12.4792141465,44454100.0,0.0,1.0
2008-09-17,16.265,16.84,15.7,15.7,12.2990371689,36676800.0,0.0,1.0
2008-09-16,16.1,16.89,16.1,16.54,12.9570748263,30661200.0,0.0,1.0
2008-09-15,15.9,16.66,15.88,16.34,12.8003991936,28181900.0,0.0,1.0
2008-09-12,16.42,16.45,15.94,16.23,12.7142275956,22953800.0,0.0,1.0
2008-09-11,16.23,16.63,16.02,16.62,13.0197450794,27242600.0,0.0,1.0
2008-09-10,16.99,16.99,16.34,16.37,12.8239005385,32709600.0,0.0,1.0
2008-09-09,17.42,17.45,16.8,16.9,13.2390909652,23613400.0,0.0,1.0
2008-09-08,17.41,17.5,16.9,17.35,13.5916111388,28464900.0,0.0,1.0
2008-09-05,16.68,17.24,16.64,17.16,13.4427692877,22101800.0,0.0,1.0
2008-09-04,17.01,17.2,16.75,16.75,13.1215842407,25841600.0,0.0,1.0
2008-09-03,17.73,17.73,17.09,17.11,13.4036003796,19947200.0,0.0,1.0
2008-09-02,18.27,18.49,17.73,17.8,13.9441313125,14423500.0,0.0,1.0
2008-08-29,18.63,18.69,17.78,17.92,14.0381366921,19934900.0,0.0,1.0
2008-08-28,18.44,18.54,18.34,18.5,14.492496027,9605000.0,0.0,1.0
2008-08-27,18.23,18.7,18.17,18.31,14.3436541759,11901000.0,0.0,1.0
2008-08-26,18.1,18.24,17.96,18.19,14.2496487963,11650700.0,0.0,1.0
2008-08-25,18.36,18.38,18.08,18.12,14.1948123248,11787300.0,0.0,1.0
2008-08-22,18.48,18.62,18.35,18.49,14.4846622454,8886000.0,0.0,1.0
2008-08-21,18.29,18.49,18.15,18.36,14.3828230841,10960500.0,0.0,1.0
2008-08-20,18.51,18.76,18.32,18.46,14.4611609005,15689600.0,0.0,1.0
2008-08-19,18.61,18.735,18.36,18.43,14.4376595555,16577300.0,0.0,1.0
2008-08-18,19.28,19.35,18.49,18.79,14.7196756945,19783800.0,0.0,1.0
2008-08-15,19.24,19.49,19.12,19.3,15.1191985579,17796400.0,0.0,1.0
2008-08-14,19.22,19.3,18.97,19.12,14.9781904884,16681100.0,0.0,1.0
2008-08-13,18.9,19.6,18.85,19.33,15.1426999028,38894500.0,0.0,1.0
2008-08-12,18.49,18.85,18.34,18.47,14.4689946821,28037400.0,0.06,1.0
2008-08-11,18.8,18.91,18.43,18.52,14.4611862662,24060500.0,0.0,1.0
2008-08-08,18.32,18.84,18.25,18.79,14.6720134958,16987200.0,0.0,1.0
2008-08-07,17.83,18.6,17.67,18.48,14.4299526025,25737000.0,0.0,1.0
2008-08-06,17.97,18.09,17.56,17.95,14.0161065593,18952400.0,0.0,1.0
2008-08-05,18.05,18.16,17.9,18.07,14.1098075502,15954800.0,0.0,1.0
2008-08-04,17.56,18.06,17.52,17.87,13.953639232,20606400.0,0.0,1.0
2008-08-01,17.35,17.65,17.07,17.53,13.688153091,18974000.0,0.0,1.0
2008-07-31,17.06,17.65,17.05,17.32,13.5241763569,23150100.0,0.0,1.0
2008-07-30,17.1,17.58,17.01,17.21,13.4382837819,20986300.0,0.0,1.0
2008-07-29,16.97,17.2,16.74,17.0,13.2743070478,16072100.0,0.0,1.0
2008-07-28,16.86,17.01,16.65,16.7,13.0400545705,16392700.0,0.0,1.0
2008-07-25,17.07,17.18,16.8,17.01,13.2821154637,15165200.0,0.0,1.0
2008-07-24,17.33,17.4,16.82,16.96,13.2430733842,29049500.0,0.0,1.0
2008-07-23,17.55,17.76,17.32,17.57,13.7193867547,30588600.0,0.0,1.0
2008-07-22,17.56,17.63,17.18,17.39,13.5788352683,45188200.0,0.0,1.0
2008-07-21,18.34,18.46,17.79,17.81,13.9067887365,28601200.0,0.0,1.0
2008-07-18,18.64,18.76,18.16,18.28,14.2737842843,23217000.0,0.0,1.0
2008-07-17,18.33,18.72,18.12,18.67,14.5783125048,19881200.0,0.0,1.0
2008-07-16,17.97,18.39,17.81,18.32,14.305017948,18251500.0,0.0,1.0
2008-07-15,17.57,18.8,17.57,18.07,14.1098075502,34045900.0,0.0,1.0
2008-07-14,18.21,18.36,17.59,17.77,13.8755550729,18417700.0,0.0,1.0
2008-07-11,17.25,18.15,17.25,17.91,13.9848728956,38969600.0,0.0,1.0
2008-07-10,17.97,18.47,17.89,18.34,14.3206347798,31264300.0,0.0,1.0
2008-07-09,18.82,18.87,17.8,17.85,13.9380224002,35570100.0,0.0,1.0
2008-07-08,18.83,19.119,18.52,18.84,14.7110555753,22289100.0,0.0,1.0
2008-07-07,18.79,19.18,18.56,18.86,14.7266724071,22314900.0,0.0,1.0
2008-07-03,18.68,18.95,18.41,18.7,14.6017377526,13894100.0,0.0,1.0
2008-07-02,19.3,19.4,18.71,18.8,14.6798219117,19894800.0,0.0,1.0
2008-07-01,19.04,19.38,18.9,19.28,15.0546258754,26407200.0,0.0,1.0
2008-06-30,19.25,19.48,19.06,19.09,14.9062659731,17431600.0,0.0,1.0
2008-06-27,19.36,19.65,19.01,19.29,15.0624342913,21778800.0,0.0,1.0
2008-06-26,20.27,20.32,19.24,19.4,15.1483268663,35050000.0,0.0,1.0
2008-06-25,20.1,20.9,20.05,20.61,16.0931451915,23929400.0,0.0,1.0
2008-06-24,19.7,20.32,19.68,19.98,15.6012149891,20009300.0,0.0,1.0
2008-06-23,20.18,20.35,19.7472,19.75,15.4216214232,24790600.0,0.0,1.0
2008-06-20,20.23,20.36,20.05,20.1,15.69491598,25442300.0,0.0,1.0
2008-06-19,20.27,20.73,20.02,20.5,16.0072526165,22144000.0,0.0,1.0
2008-06-18,20.45,20.62,20.29,20.35,15.8901263778,26182500.0,0.0,1.0
2008-06-17,20.68,20.68,20.35,20.45,15.9682105369,28457900.0,0.0,1.0
2008-06-16,19.92,20.89,19.88,20.79,16.2336966779,32044800.0,0.0,1.0
2008-06-13,19.5,20.1,19.45,20.09,15.6871075641,37370400.0,0.0,1.0
2008-06-12,18.81,19.49,18.78,19.36,15.1170932027,43840900.0,0.0,1.0
2008-06-11,18.82,19.09,18.68,18.73,14.6251630003,38819600.0,0.0,1.0
2008-06-10,18.66,19.18,18.6,18.97,14.8125649822,29097200.0,0.0,1.0
2008-06-09,19.01,19.13,18.4,18.93,14.7813313185,22976800.0,0.0,1.0
2008-06-06,19.08,19.28,18.88,18.89,14.7500976549,21674000.0,0.0,1.0
2008-06-05,19.36,19.49,19.13,19.3,15.0702427072,19626800.0,0.0,1.0
2008-06-04,18.96,19.44,18.87,19.24,15.0233922117,20896800.0,0.0,1.0
2008-06-03,19.45,19.55,18.79,18.95,14.7969481503,22378900.0,0.0,1.0
2008-06-02,19.79,19.8,19.25,19.45,15.1873689459,13731400.0,0.0,1.0
2008-05-30,19.78,19.97,19.63,19.81,15.4684719186,15093500.0,0.0,1.0
2008-05-29,19.59,19.78,19.5,19.63,15.3279204322,16029700.0,0.0,1.0
2008-05-28,19.62,19.71,19.22,19.54,15.2576446891,16784600.0,0.0,1.0
2008-05-27,19.11,19.57,19.07,19.56,15.2732615209,21962500.0,0.0,1.0
2008-05-23,19.03,19.09,18.6478,18.92,14.7735229026,18508700.0,0.0,1.0
2008-05-22,18.86,19.31,18.8,19.17,14.9687333004,15863500.0,0.0,1.0
2008-05-21,19.09,19.29,18.89,18.89,14.7500976549,24537200.0,0.0,1.0
2008-05-20,19.37,19.39,19.02,19.08,14.8984575572,20188500.0,0.0,1.0
2008-05-19,19.63,20.0,19.44,19.5,15.2264110254,19109100.0,0.0,1.0
2008-05-16,19.77,19.77,19.27,19.57,15.2810699368,18548000.0,0.0,1.0
2008-05-15,19.81,19.97,19.51,19.64,15.3357288482,29698300.0,0.0,1.0
2008-05-14,19.74,20.13,19.34,19.9,15.5387476618,43047300.0,0.0,1.0
2008-05-13,20.03,20.12,19.6,19.86,15.5075139982,36516000.0,0.06,1.0
2008-05-12,19.29,19.95,19.16,19.87,15.4685895153,20018800.0,0.0,1.0
2008-05-09,19.27,19.36,18.96,19.29,15.0170655133,13405600.0,0.0,1.0
2008-05-08,19.33,19.82,19.31,19.51,15.1883332382,18296000.0,0.0,1.0
2008-05-07,19.23,19.74,19.2,19.26,14.9937108235,16356900.0,0.0,1.0
2008-05-06,19.33,19.42,19.04,19.39,15.0949144792,18197000.0,0.0,1.0
2008-05-05,19.85,19.86,19.18,19.46,15.1494087553,12581900.0,0.0,1.0
2008-05-02,19.79,19.98,19.32,19.7,15.3362462733,18259600.0,0.0,1.0
2008-05-01,18.73,19.62,18.71,19.5099,15.1882553892,19799500.0,0.0,1.0
2008-04-30,19.09,19.14,18.49,18.66,14.5266170284,16133400.0,0.0,1.0
2008-04-29,18.93,19.14,18.89,19.0,14.7913035123,15545900.0,0.0,1.0
2008-04-28,19.2,19.24,18.92,18.99,14.7835186157,10416700.0,0.0,1.0
2008-04-25,19.36,19.46,18.83,19.1,14.8691524782,17598900.0,0.0,1.0
2008-04-24,18.76,19.5725,18.415,19.26,14.9937108235,32920800.0,0.0,1.0
2008-04-23,18.57,19.12,18.5,18.8,14.6356055806,23605200.0,0.0,1.0
2008-04-22,18.85,18.87,18.36,18.4,14.3242097172,23416800.0,0.0,1.0
2008-04-21,19.02,19.1,18.87,19.0,14.7913035123,21864000.0,0.0,1.0
2008-04-18,19.41,19.58,18.85,19.13,14.8925071679,28787000.0,0.0,1.0
2008-04-17,19.35,19.5,19.01,19.17,14.9236467543,17304700.0,0.0,1.0
2008-04-16,19.25,19.7,19.13,19.34,15.0559899962,29328200.0,0.0,1.0
2008-04-15,18.93,19.08,18.31,18.76,14.6044659943,21608300.0,0.0,1.0
2008-04-14,18.92,19.21,18.75,18.89,14.7056696499,17937500.0,0.0,1.0
2008-04-11,19.89,19.93,19.0,19.11,14.8769373748,27222700.0,0.0,1.0
2008-04-10,19.78,20.42,19.76,20.18,15.7099213094,25661600.0,0.0,1.0
2008-04-09,19.67,19.79,19.31,19.68,15.3206764801,22288800.0,0.0,1.0
2008-04-08,19.92,19.94,19.39,19.5,15.1805483416,25539200.0,0.0,1.0
2008-04-07,20.3,20.7784,20.14,20.19,15.717706206,35856500.0,0.0,1.0
2008-04-04,21.07,21.75,20.64,20.89,16.262648967,23051300.0,0.0,1.0
2008-04-03,20.31,21.18,20.27,20.85,16.2315093806,21760300.0,0.0,1.0
2008-04-02,20.49,20.82,20.23,20.59,16.0291020694,31674900.0,0.0,1.0
2008-04-01,19.84,20.25,19.73,20.1,15.6476421367,27293600.0,0.0,1.0
2008-03-31,19.59,19.73,19.38,19.51,15.1883332382,26630800.0,0.0,1.0
2008-03-28,20.0,20.06,19.5,19.52,15.1961181348,36886000.0,0.0,1.0
2008-03-27,20.36,20.4,19.9783,19.98,15.5542233777,21948600.0,0.0,1.0
2008-03-26,20.4,20.54,19.93,20.33,15.8266947582,28559800.0,0.0,1.0
2008-03-25,20.97,20.97,20.35,20.66,16.0835963455,26424600.0,0.0,1.0
2008-03-24,21.05,21.42,20.9,20.91,16.2782187601,23420500.0,0.0,1.0
2008-03-20,20.99,21.11,20.67,21.1,16.4261317953,24923500.0,0.0,1.0
2008-03-19,21.6,21.65,20.67,20.67,16.0913812421,31998100.0,0.0,1.0
2008-03-18,21.02,21.5915,21.02,21.53,16.7608823484,36591500.0,0.0,1.0
2008-03-17,20.13,20.8,20.05,20.67,16.0913812421,28115300.0,0.0,1.0
2008-03-14,21.12,21.16,20.29,20.58,16.0213171728,34063400.0,0.0,1.0
2008-03-13,20.7,21.18,20.64,21.06,16.3949922089,34746100.0,0.0,1.0
2008-03-12,20.88,21.08,20.74,20.98,16.3327130362,31078700.0,0.0,1.0
2008-03-11,20.47,20.97,20.44,20.94,16.3015734499,30918600.0,0.0,1.0
2008-03-10,20.25,20.46,20.23,20.32,15.8189098616,26015400.0,0.0,1.0
2008-03-07,20.05,20.5,19.75,20.09,15.6398572401,26953100.0,0.0,1.0
2008-03-06,20.44,20.49,19.84,20.13,15.6709968265,30493400.0,0.0,1.0
2008-03-05,20.35,20.5,20.14,20.5,15.9590380001,32463000.0,0.0,1.0
2008-03-04,19.86,20.41,19.44,20.32,15.8189098616,60449000.0,0.0,1.0
2008-03-03,19.11,19.17,18.7201,18.88,14.6978847533,26327200.0,0.0,1.0
2008-02-29,19.6081,19.88,19.12,19.17,14.9236467543,25517200.0,0.0,1.0
2008-02-28,19.93,20.1,19.58,19.83,15.4374499289,24871700.0,0.0,1.0
2008-02-27,19.81,20.16,19.66,20.1,15.6476421367,26713300.0,0.0,1.0
2008-02-26,19.58,20.0,19.49,19.85,15.4530197221,25603100.0,0.0,1.0
2008-02-25,19.5,20.0,19.32,19.65,15.2973217904,20503500.0,0.0,1.0
2008-02-22,19.36,19.7,19.16,19.68,15.3206764801,22894700.0,0.0,1.0
2008-02-21,19.56,19.88,19.21,19.28,15.0092806167,22089700.0,0.0,1.0
2008-02-20,18.4,19.69,18.39,19.44,15.1338389621,31673700.0,0.0,1.0
2008-02-19,19.25,19.34,18.37,18.48,14.3864888899,29350900.0,0.0,1.0
2008-02-15,19.09,19.34,18.93,19.04,14.8224430987,21881800.0,0.0,1.0
2008-02-14,19.86,19.9,19.11,19.19,14.9392165474,33291700.0,0.0,1.0
2008-02-13,19.33,19.91,19.0,19.91,15.4997291016,64833000.0,0.0,1.0
2008-02-12,18.78,18.78,18.02,18.07,14.0673081299,34408100.0,0.06,1.0
2008-02-11,18.03,18.89,18.0,18.49,14.3466369179,30060200.0,0.0,1.0
2008-02-08,17.71,18.01,17.61,17.93,13.9121254699,17436900.0,0.0,1.0
2008-02-07,17.42,17.88,17.15,17.65,13.6948697459,23004600.0,0.0,1.0
2008-02-06,18.22,18.24,17.43,17.48,13.5629644848,23452900.0,0.0,1.0
2008-02-05,18.13,18.61,18.08,18.1,14.0440307309,23728600.0,0.0,1.0
2008-02-04,18.9,19.0,18.47,18.48,14.3388777849,15248100.0,0.0,1.0
2008-02-01,18.0,18.89,17.95,18.88,14.6492431049,25342000.0,0.0,1.0
2008-01-31,17.65,18.05,17.61,17.92,13.9043663369,20701700.0,0.0,1.0
2008-01-30,17.56,18.02,17.56,17.92,13.9043663369,26509600.0,0.0,1.0
2008-01-29,18.04,18.04,17.47,17.68,13.7181471449,15946500.0,0.0,1.0
2008-01-28,17.46,17.951,17.33,17.95,13.9276437359,16612900.0,0.0,1.0
2008-01-25,18.27,18.27,17.4,17.42,13.5164096868,22564000.0,0.0,1.0
2008-01-24,18.08,18.28,17.47,17.96,13.9354028689,34009800.0,0.0,1.0
2008-01-23,17.27,18.13,17.14,18.1,14.0440307309,39899800.0,0.0,1.0
2008-01-22,16.87,18.2,16.8,17.99,13.9586802679,39387500.0,0.0,1.0
2008-01-18,17.78,18.26,17.52,18.02,13.9819576669,36727000.0,0.0,1.0
2008-01-17,17.59,17.95,17.2,17.53,13.6017601499,36939600.0,0.0,1.0
2008-01-16,16.89,17.85,16.64,17.42,13.5164096868,45738400.0,0.0,1.0
2008-01-15,16.92,17.1,16.75,16.95,13.1517304358,38473300.0,0.0,1.0
2008-01-14,16.55,16.88,16.44,16.84,13.0663799728,25047500.0,0.0,1.0
2008-01-11,16.19,16.48,16.13,16.4,12.7249781208,22924800.0,0.0,1.0
2008-01-10,16.54,16.65,16.2,16.4,12.7249781208,29988700.0,0.0,1.0
2008-01-09,16.34,16.75,16.18,16.64,12.9111973128,26513100.0,0.0,1.0
2008-01-08,16.61,16.9999,16.31,16.33,12.6706641898,27256400.0,0.0,1.0
2008-01-07,16.75,16.92,16.42,16.73,12.9810295098,22609200.0,0.0,1.0
2008-01-04,17.23,17.26,16.65,16.77,13.0120660418,33623600.0,0.0,1.0
2008-01-03,17.4,17.4,17.0,17.1,13.2681174308,15999100.0,0.0,1.0
2008-01-02,17.73,17.97,17.2,17.41,13.5086505538,19230800.0,0.0,1.0
2007-12-31,17.69,17.91,17.69,17.76,13.7802202089,7443700.0,0.0,1.0
2007-12-28,17.85,18.0,17.7,17.87,13.8655706719,11064500.0,0.0,1.0
2007-12-27,18.12,18.24,17.71,17.76,13.7802202089,12935700.0,0.0,1.0
2007-12-26,18.05,18.28,18.05,18.19,14.1138629279,6341100.0,0.0,1.0
2007-12-24,17.91,18.2423,17.82,18.15,14.0828263959,6129000.0,0.0,1.0
2007-12-21,18.13,18.23,17.76,17.94,13.9198846029,21560500.0,0.0,1.0
2007-12-20,17.73,18.0,17.68,17.97,13.9431620019,16964800.0,0.0,1.0
2007-12-19,17.63,17.8,17.55,17.59,13.6483149479,12876300.0,0.0,1.0
2007-12-18,17.73,17.83,17.57,17.71,13.7414245439,14049900.0,0.0,1.0
2007-12-17,17.66,17.77,17.43,17.57,13.6327966819,14239900.0,0.0,1.0
2007-12-14,17.87,18.0,17.68,17.77,13.7879793419,17573400.0,0.0,1.0
2007-12-13,18.33,18.48,17.92,18.07,14.0207533319,15877100.0,0.0,1.0
2007-12-12,18.4,18.64,18.19,18.38,14.2612864549,18958900.0,0.0,1.0
2007-12-11,18.65,18.68,18.03,18.1099,14.0517122725,22313500.0,0.0,1.0
2007-12-10,18.37,18.75,18.04,18.64,14.4630239129,24224800.0,0.0,1.0
2007-12-07,18.53,18.6,18.12,18.29,14.1914542579,25006300.0,0.0,1.0
2007-12-06,18.6,18.79,18.589,18.66,14.4785421789,14473900.0,0.0,1.0
2007-12-05,18.33,18.81,18.28,18.73,14.5328561099,19878300.0,0.0,1.0
2007-12-04,18.02,18.33,18.0,18.09,14.0362715979,16103800.0,0.0,1.0
2007-12-03,18.84,18.98,18.18,18.2,14.1216220609,22321300.0,0.0,1.0
2007-11-30,19.22,19.25,18.67,18.83,14.6104474399,18359600.0,0.0,1.0
2007-11-29,18.73,18.91,18.63,18.72,14.5250969769,14400000.0,0.0,1.0
2007-11-28,18.47,19.02,18.31,18.78,14.5716517749,18995200.0,0.0,1.0
2007-11-27,17.93,18.31,17.81,18.17,14.0983446619,20789700.0,0.0,1.0
2007-11-26,18.34,18.37,17.8158,17.82,13.8267750069,19114500.0,0.0,1.0
2007-11-23,18.08,18.36,18.03,18.33,14.2224907899,5867200.0,0.0,1.0
2007-11-21,18.14,18.34,17.84,18.0,13.9664394009,17669600.0,0.0,1.0
2007-11-20,18.4,18.64,17.8,18.2,14.1216220609,27410200.0,0.0,1.0
2007-11-19,18.52,18.68,18.25,18.3,14.1992133909,18963800.0,0.0,1.0
2007-11-16,18.96,19.02,18.22,18.55,14.3931917159,23772500.0,0.0,1.0
2007-11-15,18.27,19.33,18.26,18.87,14.6414839719,46743100.0,0.0,1.0
2007-11-14,18.95,19.37,18.81,18.81,14.5949291739,32308400.0,0.0,1.0
2007-11-13,18.43,18.8,18.24,18.61,14.4397465139,22961600.0,0.06,1.0
2007-11-12,18.85,18.93,18.28,18.31,14.1613154081,23150100.0,0.0,1.0
2007-11-09,18.75,19.39,18.71,18.71,14.4706833034,41006400.0,0.0,1.0
2007-11-08,17.81,18.07,17.58,17.91,13.8519475128,26343100.0,0.0,1.0
2007-11-07,18.25,18.43,17.88,17.9099,13.8518701708,23386700.0,0.0,1.0
2007-11-06,18.48,18.58,18.06,18.39,14.2231889872,29246300.0,0.0,1.0
2007-11-05,18.74,19.06,18.45,18.5,14.3082651584,18194100.0,0.0,1.0
2007-11-02,18.85,19.09,18.73,18.87,14.5944304616,22201700.0,0.0,1.0
2007-11-01,19.44,19.54,18.74,18.78,14.5248226851,28017800.0,0.0,1.0
2007-10-31,19.14,19.65,19.02,19.42,15.0198113176,24298900.0,0.0,1.0
2007-10-30,18.9,19.29,18.9,19.17,14.826456383,14250500.0,0.0,1.0
2007-10-29,18.95,19.9,18.76,18.97,14.6717724354,21564900.0,0.0,1.0
2007-10-26,19.28,19.74,18.5,18.86,14.5866962642,42520600.0,0.0,1.0
2007-10-25,19.83,19.91,18.97,19.36,14.9734061333,33434400.0,0.0,1.0
2007-10-24,20.42,20.64,19.72,20.12,15.5612051344,22215500.0,0.0,1.0
2007-10-23,20.5,20.6,20.21,20.52,15.8705730297,12912000.0,0.0,1.0
2007-10-22,20.1,20.59,20.01,20.46,15.8241678454,13254100.0,0.0,1.0
2007-10-19,20.84,20.87,20.06,20.1,15.5457367397,21067800.0,0.0,1.0
2007-10-18,21.33,21.4,20.77,20.87,16.1412699381,24344400.0,0.0,1.0
2007-10-17,21.25,21.77,21.22,21.62,16.7213347419,33668800.0,0.0,1.0
2007-10-16,20.72,21.06,20.66,20.85,16.1258015434,16228000.0,0.0,1.0
2007-10-15,20.94,21.13,20.6,20.78,16.0716621617,14438100.0,0.0,1.0
2007-10-12,20.36,21.07,20.35,21.04,16.2727512937,23565100.0,0.0,1.0
2007-10-11,20.53,20.65,19.88,20.12,15.5612051344,25903900.0,0.0,1.0
2007-10-10,20.5,20.64,20.11,20.19,15.6153445161,30357400.0,0.0,1.0
2007-10-09,20.91,20.95,20.37,20.66,15.9788517931,18660600.0,0.0,1.0
2007-10-08,20.96,21.0718,20.76,20.91,16.1722067277,12180200.0,0.0,1.0
2007-10-05,20.76,21.35,20.62,21.13,16.3423590701,19987100.0,0.0,1.0
2007-10-04,20.87,20.92,20.4,20.65,15.9711175957,15669500.0,0.0,1.0
2007-10-03,21.4,21.44,20.53,20.81,16.0948647538,21945900.0,0.0,1.0
2007-10-02,21.28,21.75,21.22,21.6225,16.7232682912,19281300.0,0.0,1.0
2007-10-01,20.85,21.44,20.7,21.33,16.4970430178,16498700.0,0.0,1.0
2007-09-28,20.7,21.05,20.65,20.7,16.0097885826,22026300.0,0.0,1.0
2007-09-27,20.86,20.94,20.57,20.7,16.0097885826,18638000.0,0.0,1.0
2007-09-26,21.09,21.3,20.53,20.68,15.9943201879,14845000.0,0.0,1.0
2007-09-25,20.9,21.2,20.78,21.0101,16.2496260435,12461300.0,0.0,1.0
2007-09-24,21.25,21.4,20.83,21.04,16.2727512937,17543600.0,0.0,1.0
2007-09-21,21.2,21.53,21.02,21.3,16.4738404256,15734300.0,0.0,1.0
2007-09-20,20.78,21.25,20.75,21.02,16.2572828989,19883700.0,0.0,1.0
2007-09-19,21.21,21.43,20.97,21.1,16.319156478,18052500.0,0.0,1.0
2007-09-18,20.5,21.13,20.42,21.09,16.3114222806,16203600.0,0.0,1.0
2007-09-17,20.24,20.44,20.04,20.31,15.7081548847,11467000.0,0.0,1.0
2007-09-14,20.3,20.56,20.29,20.33,15.7236232795,15620500.0,0.0,1.0
2007-09-13,20.88,20.88,20.49,20.56,15.9015098193,15644600.0,0.0,1.0
2007-09-12,20.98,21.07,20.49,20.55,15.8937756219,19521600.0,0.0,1.0
2007-09-11,20.95,21.23,20.86,21.02,16.2572828989,13139100.0,0.0,1.0
2007-09-10,21.07,21.17,20.62,20.91,16.1722067277,18703500.0,0.0,1.0
2007-09-07,21.1,21.2,20.5,20.79,16.0793963591,21226300.0,0.0,1.0
2007-09-06,21.4,21.47,21.13,21.33,16.4970430178,13310600.0,0.0,1.0
2007-09-05,21.6,21.74,21.14,21.3,16.4738404256,14810700.0,0.0,1.0
2007-09-04,21.49,21.99,21.4,21.78,16.8450819,20063200.0,0.0,1.0
2007-08-31,21.25,21.55,21.1,21.36,16.5202456099,21728300.0,0.0,1.0
2007-08-30,20.67,21.39,20.53,20.95,16.2031435172,20517700.0,0.0,1.0
2007-08-29,20.24,20.74,20.24,20.71,16.01752278,14364100.0,0.0,1.0
2007-08-28,20.55,20.59,20.13,20.14,15.5766735292,15335500.0,0.0,1.0
2007-08-27,20.86,20.88,20.57,20.59,15.9247124114,12060600.0,0.0,1.0
2007-08-24,20.77,20.8701,20.55,20.86,16.1335357408,12669900.0,0.0,1.0
2007-08-23,20.62,20.76,20.41,20.7,16.0097885826,16186600.0,0.0,1.0
2007-08-22,21.05,21.05,20.55,20.57,15.9092440167,21570900.0,0.0,1.0
2007-08-21,20.82,21.11,20.68,20.84,16.118067346,17829100.0,0.0,1.0
2007-08-20,20.72,21.17,20.59,20.94,16.1954093198,17965300.0,0.0,1.0
2007-08-17,20.61,21.463,20.41,20.8,16.0871305565,29442300.0,0.0,1.0
2007-08-16,20.27,20.61,19.9,20.33,15.7236232795,34273400.0,0.0,1.0
2007-08-15,20.57,20.83,20.3,20.36,15.7468258716,38084500.0,0.0,1.0
2007-08-14,21.89,21.96,21.22,21.24,16.4274352413,28173400.0,0.06,1.0
2007-08-13,21.96,22.1,21.69,21.74,16.7667813214,21379000.0,0.0,1.0
2007-08-10,22.01,22.39,21.68,21.8501,16.8516949655,34583600.0,0.0,1.0
2007-08-09,22.76,23.0,22.13,22.39,17.2680880307,39169400.0,0.0,1.0
2007-08-08,22.77,23.0,22.38,22.96,17.7076954526,32269300.0,0.0,1.0
2007-08-07,22.75,22.9,22.16,22.61,17.4377610707,39382800.0,0.0,1.0
2007-08-06,22.28,22.96,22.06,22.85,17.6228589326,39197600.0,0.0,1.0
2007-08-03,22.3,22.85,22.19,22.21,17.1292646343,41808700.0,0.0,1.0
2007-08-02,22.54,22.55,22.1,22.32,17.2141011543,38169500.0,0.0,1.0
2007-08-01,21.91,22.5,21.86,22.45,17.3143624961,42505000.0,0.0,1.0
2007-07-31,22.24,22.26,21.94,22.04,16.9981536488,31147500.0,0.0,1.0
2007-07-30,21.53,22.12,21.48,22.02,16.9827288269,30710300.0,0.0,1.0
2007-07-27,21.63,21.8,21.42,21.56,16.627957925,28759200.0,0.0,1.0
2007-07-26,21.5,21.77,21.26,21.6,16.6588075687,43400900.0,0.0,1.0
2007-07-25,21.63,21.88,21.34,21.75,16.7744937323,33455700.0,0.0,1.0
2007-07-24,21.29,21.79,21.21,21.31,16.4351476522,26888500.0,0.0,1.0
2007-07-23,21.5,21.67,21.4,21.44,16.5354089941,13629600.0,0.0,1.0
2007-07-20,21.83,21.87,21.31,21.46,16.5508338159,22941900.0,0.0,1.0
2007-07-19,21.62,21.93,21.57,21.78,16.7976309651,19608200.0,0.0,1.0
2007-07-18,21.42,21.73,21.33,21.66,16.7050820341,31497400.0,0.0,1.0
2007-07-17,20.84,22.08,20.75,21.8001,16.813132911,71353300.0,0.0,1.0
2007-07-16,20.37,20.67,20.35,20.62,15.9029912993,18831700.0,0.0,1.0
2007-07-13,20.65,20.98,20.45,20.48,15.7950175466,44673800.0,0.0,1.0
2007-07-12,20.02,20.75,19.97,20.75,16.0032526412,34177000.0,0.0,1.0
2007-07-11,19.8,20.04,19.67,20.01,15.4325342337,24603000.0,0.0,1.0
2007-07-10,20.11,20.16,19.8,19.84,15.3014232482,25010300.0,0.0,1.0
2007-07-09,20.02,20.3,19.92,20.17,15.5559328083,18874800.0,0.0,1.0
2007-07-06,20.1,20.12,19.81,19.9901,15.417186536,13510700.0,0.0,1.0
2007-07-05,20.13,20.13,19.84,20.05,15.4633838774,15490800.0,0.0,1.0
2007-07-03,20.2,20.25,20.1,20.21,15.586782452,7815900.0,0.0,1.0
2007-07-02,20.07,20.19,19.94,20.17,15.5559328083,13601000.0,0.0,1.0
2007-06-29,20.09,20.2,19.75,19.87,15.324560481,15752200.0,0.0,1.0
2007-06-28,20.0,20.25,19.93,19.97,15.4016845901,22918300.0,0.0,1.0
2007-06-27,19.61,20.44,19.6,20.35,15.6947562047,31692400.0,0.0,1.0
2007-06-26,19.97,19.97,19.64,19.73,15.2165867282,20139900.0,0.0,1.0
2007-06-25,20.13,20.15,19.72,19.88,15.3322728919,26630500.0,0.0,1.0
2007-06-22,20.11,20.5,20.0,20.25,15.6176320956,30754500.0,0.0,1.0
2007-06-21,19.65,20.26,19.6,20.16,15.5482203974,30521900.0,0.0,1.0
2007-06-20,19.79,19.84,19.56,19.63,15.1394626191,25929200.0,0.0,1.0
2007-06-19,19.8,19.87,19.6,19.78,15.2551487828,19133600.0,0.0,1.0
2007-06-18,19.75,19.96,19.75,19.83,15.2937108373,18806800.0,0.0,1.0
2007-06-15,19.66,19.95,19.65,19.85,15.3091356592,31023700.0,0.0,1.0
2007-06-14,19.1,19.59,19.07,19.42,14.97750199,26840600.0,0.0,1.0
2007-06-13,18.68,19.16,18.5001,19.12,14.7461296626,37714700.0,0.0,1.0
2007-06-12,18.6,18.79,18.42,18.5,14.2679601861,31644400.0,0.0,1.0
2007-06-11,18.79,18.8,18.54,18.62,14.3605091171,17187300.0,0.0,1.0
2007-06-08,18.45,18.8,18.39,18.79,14.4916201025,22802500.0,0.0,1.0
2007-06-07,18.88,19.03,18.37,18.4,14.190836077,36195100.0,0.0,1.0
2007-06-06,18.89,19.15,18.886,19.03,14.6767179644,20071600.0,0.0,1.0
2007-06-05,19.08,19.21,18.9,19.06,14.6998551972,20842000.0,0.0,1.0
2007-06-04,19.21,19.3,19.0299,19.25,14.8463910045,13606200.0,0.0,1.0
2007-06-01,19.22,19.45,19.14,19.34,14.9158027027,25075400.0,0.0,1.0
2007-05-31,19.0,19.18,18.91,19.1,14.7307048408,23244900.0,0.0,1.0
2007-05-30,19.06,19.08,18.77,18.93,14.5995938553,28294900.0,0.0,1.0
2007-05-29,19.18,19.31,19.1,19.21,14.8155413608,19909200.0,0.0,1.0
2007-05-25,19.08,19.25,18.89,19.23,14.8309661826,20386100.0,0.0,1.0
2007-05-24,19.19,19.33,18.95,19.03,14.6767179644,25447600.0,0.0,1.0
2007-05-23,19.18,19.36,19.14,19.17,14.7846917172,26574900.0,0.0,1.0
2007-05-22,18.94,19.3,18.84,19.17,14.7846917172,28233700.0,0.0,1.0
2007-05-21,18.84,19.25,18.73,18.9,14.5764566226,30560200.0,0.0,1.0
2007-05-18,18.99,19.02,18.78,18.85,14.537894568,27805500.0,0.0,1.0
2007-05-17,19.06,19.15,18.78,18.94,14.6073062662,30184400.0,0.0,1.0
2007-05-16,19.11,19.33,18.68,19.17,14.7846917172,75670000.0,0.0,1.0
2007-05-15,20.33,20.38,19.73,19.78,15.2551487828,51014100.0,0.06,1.0
2007-05-14,19.84,20.78,19.84,20.48,15.7472503564,51869000.0,0.0,1.0
2007-05-11,19.472,19.86,19.45,19.77,15.2013251732,35182800.0,0.0,1.0
2007-05-10,19.59,19.6,19.1,19.18,14.747669035,29586900.0,0.0,1.0
2007-05-09,19.35,19.74,19.32,19.69,15.1398124765,19089900.0,0.0,1.0
2007-05-08,19.59,19.61,19.33,19.44,14.9475852993,24049500.0,0.0,1.0
2007-05-07,19.73,19.9,19.67,19.79,15.2167033473,14345400.0,0.0,1.0
2007-05-04,19.6,19.809,19.44,19.75,15.185946999,22756000.0,0.0,1.0
2007-05-03,19.56,19.64,19.37,19.5,14.9937198218,17847200.0,0.0,1.0
2007-05-02,19.38,19.47,19.23,19.47,14.9706525605,22646200.0,0.0,1.0
2007-05-01,19.27,19.53,19.22,19.28,14.8245599058,31253900.0,0.0,1.0
2007-04-30,19.28,19.51,19.19,19.22,14.7784253833,19174700.0,0.0,1.0
2007-04-27,19.24,19.4,19.12,19.3,14.83993808,18404200.0,0.0,1.0
2007-04-26,19.45,19.49,19.2,19.3,14.83993808,21972000.0,0.0,1.0
2007-04-25,19.59,19.6,19.351,19.492,14.9875685521,24459500.0,0.0,1.0
2007-04-24,19.32,19.68,19.16,19.49,14.9860307347,32765800.0,0.0,1.0
2007-04-23,19.43,19.55,19.14,19.17,14.7399799479,29956500.0,0.0,1.0
2007-04-20,19.87,19.88,19.44,19.48,14.9783416476,24911700.0,0.0,1.0
2007-04-19,19.44,19.76,19.36,19.59,15.0629216056,30836200.0,0.0,1.0
2007-04-18,19.28,19.77,19.28,19.68,15.1321233894,29458000.0,0.0,1.0
2007-04-17,19.22,19.41,18.98,19.36,14.8860726025,23777200.0,0.0,1.0
2007-04-16,19.19,19.24,18.97,19.24,14.7938035575,18064200.0,0.0,1.0
2007-04-13,19.18,19.2,18.8699,19.08,14.6707781641,37425500.0,0.0,1.0
2007-04-12,19.16,19.55,19.13,19.35,14.8783835155,31528800.0,0.0,1.0
2007-04-11,19.34,19.5,19.16,19.23,14.7861144704,29581600.0,0.0,1.0
2007-04-10,18.94,19.45,18.85,19.41,14.924518038,45134200.0,0.0,1.0
2007-04-09,18.72,18.75,18.54,18.65,14.3401474193,16859800.0,0.0,1.0
2007-04-05,18.67,18.83,18.6,18.68,14.3632146806,16751300.0,0.0,1.0
2007-04-04,18.42,18.71,18.37,18.65,14.3401474193,17972400.0,0.0,1.0
2007-04-03,18.42,18.53,18.25,18.35,14.1094748067,21474600.0,0.0,1.0
2007-04-02,18.29,18.47,18.18,18.36,14.1171638937,25499500.0,0.0,1.0
2007-03-30,18.54,18.56,18.27,18.32,14.0864075454,23080700.0,0.0,1.0
2007-03-29,18.85,18.89,18.32,18.5,14.224811113,18884600.0,0.0,1.0
2007-03-28,18.76,18.83,18.62,18.65,14.3401474193,18569100.0,0.0,1.0
2007-03-27,18.8,18.9,18.72,18.84,14.486240074,10724600.0,0.0,1.0
2007-03-26,18.76,18.9,18.55,18.88,14.5169964223,13703200.0,0.0,1.0
2007-03-23,18.79,18.92,18.73,18.79,14.4477946385,12691200.0,0.0,1.0
2007-03-22,18.94,18.96,18.68,18.81,14.4631728127,15391600.0,0.0,1.0
2007-03-21,18.5,18.93,18.42,18.88,14.5169964223,22204200.0,0.0,1.0
2007-03-20,18.43,18.6,18.379,18.5,14.224811113,18159400.0,0.0,1.0
2007-03-19,18.56,18.7,18.31,18.47,14.2017438517,27083400.0,0.0,1.0
2007-03-16,18.47,18.62,18.35,18.49,14.2171220259,19131900.0,0.0,1.0
2007-03-15,18.42,18.59,18.33,18.56,14.2709456355,14708300.0,0.0,1.0
2007-03-14,18.4,18.51,18.15,18.39,14.140231155,26186500.0,0.0,1.0
2007-03-13,18.42,18.59,18.24,18.34,14.1017857196,28499000.0,0.0,1.0
2007-03-12,18.29,18.65,18.26,18.57,14.2786347226,17230500.0,0.0,1.0
2007-03-09,18.64,18.64,18.1399,18.33,14.0940966325,25440600.0,0.0,1.0
2007-03-08,18.63,18.66,18.41,18.44,14.1786765904,20625100.0,0.0,1.0
2007-03-07,18.17,18.42,18.0999,18.2,13.9941385003,20889200.0,0.0,1.0
2007-03-06,18.06,18.27,17.87,18.18,13.9787603262,23597500.0,0.0,1.0
2007-03-05,17.87,18.17,17.77,17.79,13.6788859297,39168600.0,0.0,1.0
2007-03-02,18.29,18.37,17.95,17.98,13.8249785844,32808200.0,0.0,1.0
2007-03-01,18.24,18.69,18.18,18.45,14.1863656775,28570100.0,0.0,1.0
2007-02-28,18.5,18.8,18.47,18.57,14.2786347226,26836300.0,0.0,1.0
2007-02-27,18.77,19.07,18.39,18.46,14.1940547646,33223900.0,0.0,1.0
2007-02-26,19.29,19.37,18.95,19.09,14.6784672512,21366900.0,0.0,1.0
2007-02-23,19.2,19.47,19.1,19.19,14.7553581221,24481000.0,0.0,1.0
2007-02-22,19.1,19.48,19.02,19.2,14.7630472091,32743700.0,0.0,1.0
2007-02-21,18.64,19.0,18.64,18.97,14.5861982061,21463500.0,0.0,1.0
2007-02-20,18.81,18.87,18.46,18.76,14.4247273773,31229100.0,0.0,1.0
2007-02-16,19.07,19.13,18.92,19.02,14.6246436416,17204100.0,0.0,1.0
2007-02-15,18.95,19.17,18.86,19.09,14.6784672512,24319700.0,0.0,1.0
2007-02-14,18.61,19.08,18.42,18.89,14.5246855094,59885900.0,0.0,1.0
2007-02-13,17.9801,18.23,17.94,18.18,13.9787603262,26728900.0,0.05,1.0
2007-02-12,17.91,17.97,17.73,17.89,13.7180483947,26972200.0,0.0,1.0
2007-02-09,18.39,18.48,17.9,17.97,13.7793923786,32095100.0,0.0,1.0
2007-02-08,18.22,18.41,18.12,18.31,14.04010431,18416600.0,0.0,1.0
2007-02-07,18.21,18.46,18.11,18.25,13.9940963221,16872300.0,0.0,1.0
2007-02-06,18.08,18.2,17.87,18.15,13.9174163423,21896600.0,0.0,1.0
2007-02-05,18.18,18.27,17.99,18.13,13.9020803463,26327800.0,0.0,1.0
2007-02-02,17.97,18.36,17.87,18.12,13.8944123483,29642700.0,0.0,1.0
2007-02-01,17.77,17.95,17.72,17.94,13.7563883846,22196600.0,0.0,1.0
2007-01-31,17.7,17.76,17.45,17.73,13.5953604269,25580400.0,0.0,1.0
2007-01-30,17.7,17.85,17.58,17.79,13.6413684148,25095400.0,0.0,1.0
2007-01-29,17.74,17.82,17.47,17.61,13.5033444511,26706700.0,0.0,1.0
2007-01-26,17.58,17.9,17.48,17.78,13.6337004168,28661500.0,0.0,1.0
2007-01-25,17.66,17.88,17.44,17.48,13.4036604773,28967400.0,0.0,1.0
2007-01-24,17.56,17.78,17.35,17.6,13.4956764531,51497500.0,0.0,1.0
2007-01-23,17.93,18.0,17.42,17.46,13.3883244813,50570100.0,0.0,1.0
2007-01-22,18.27,18.32,17.8499,17.96,13.7717243806,30956500.0,0.0,1.0
2007-01-19,18.17,18.48,18.09,18.21,13.9634243302,33919600.0,0.0,1.0
2007-01-18,18.5875,18.68,18.06,18.25,13.9940963221,51363400.0,0.0,1.0
2007-01-17,19.35,19.77,19.25,19.4,14.8759160904,30397000.0,0.0,1.0
2007-01-16,19.51,19.56,19.3,19.48,14.9372600742,31201500.0,0.0,1.0
2007-01-12,19.36,19.55,19.2999,19.5,14.9525960702,30983400.0,0.0,1.0
2007-01-11,19.495,19.79,19.46,19.53,14.9756000642,31083400.0,0.0,1.0
2007-01-10,19.12,19.63,19.01,19.54,14.9832680622,30424800.0,0.0,1.0
2007-01-09,18.92,19.28,18.7899,19.25,14.7608961206,28494000.0,0.0,1.0
2007-01-08,18.63,19.05,18.57,18.89,14.4848481931,30210200.0,0.0,1.0
2007-01-05,18.64,18.75,18.42,18.67,14.3161522375,31181500.0,0.0,1.0
2007-01-04,18.37,18.88,18.34,18.8,14.4158362113,29455400.0,0.0,1.0
2007-01-03,18.32,18.68,18.07,18.42,14.1244522879,36148800.0,0.0,1.0
2006-12-29,18.45,18.66,18.44,18.45,14.1474562818,11816000.0,0.0,1.0
2006-12-28,18.59,18.75,18.45,18.55,14.2241362617,13641400.0,0.0,1.0
2006-12-27,18.67,18.79,18.56,18.58,14.2471402556,10618000.0,0.0,1.0
2006-12-26,18.11,18.68,18.08,18.64,14.2931482435,21713200.0,0.0,1.0
2006-12-22,18.05,18.26,17.97,18.16,13.9250843403,19289300.0,0.0,1.0
2006-12-21,18.31,18.37,17.92,18.0,13.8023963725,28197800.0,0.0,1.0
2006-12-20,18.21,18.52,18.1399,18.31,14.04010431,24524100.0,0.0,1.0
2006-12-19,18.195,18.4,18.05,18.15,13.9174163423,25199600.0,0.0,1.0
2006-12-18,18.2,18.49,18.18,18.3,14.032436312,24792400.0,0.0,1.0
2006-12-15,18.44,18.4801,18.05,18.13,13.9020803463,26665100.0,0.0,1.0
2006-12-14,17.87,18.42,17.82,18.2,13.9557563322,22630400.0,0.0,1.0
2006-12-13,18.34,18.34,17.81,17.94,13.7563883846,23925200.0,0.0,1.0
2006-12-12,18.39,18.46,18.0,18.23,13.9787603262,22711000.0,0.0,1.0
2006-12-11,18.44,18.55,18.25,18.4,14.1091162919,16322200.0,0.0,1.0
2006-12-08,18.33,18.63,18.18,18.47,14.1627922778,20831800.0,0.0,1.0
2006-12-07,18.61,18.79,18.34,18.43,14.1321202858,17948800.0,0.0,1.0
2006-12-06,18.48,18.73,18.31,18.58,14.2471402556,18563300.0,0.0,1.0
2006-12-05,18.45,18.71,18.38,18.55,14.2241362617,18221800.0,0.0,1.0
2006-12-04,17.9,19.33,17.77,18.33,14.055440306,30271800.0,0.0,1.0
2006-12-01,17.93,18.08,17.42,17.73,13.5953604269,28002200.0,0.0,1.0
2006-11-30,18.07,18.23,17.95,18.01,13.8100643705,28275800.0,0.0,1.0
2006-11-29,18.2,18.39,17.95,18.15,13.9174163423,19626300.0,0.0,1.0
2006-11-28,17.88,18.19,17.845,18.13,13.9020803463,25066100.0,0.0,1.0
2006-11-27,18.48,18.61,17.95,17.98,13.7870603765,22499300.0,0.0,1.0
2006-11-24,18.3,18.55,18.27,18.52,14.2011322677,8698200.0,0.0,1.0
2006-11-22,18.2,18.44,18.16,18.39,14.1014482939,15217000.0,0.0,1.0
2006-11-21,18.26,18.37,18.1,18.21,13.9634243302,21797500.0,0.0,1.0
2006-11-20,17.99,18.29,17.79,18.24,13.9864283241,25599500.0,0.0,1.0
2006-11-17,17.94,18.2,17.81,18.12,13.8944123483,22141900.0,0.0,1.0
2006-11-16,18.25,18.39,17.56,17.98,13.7870603765,57334800.0,0.0,1.0
2006-11-15,18.66,18.87,18.45,18.65,14.3008162415,37760300.0,0.0,1.0
2006-11-14,18.1,18.6,17.92,18.5,14.1857962717,32423800.0,0.05,1.0
2006-11-13,17.61,18.19,17.579,18.1,13.841666443,23667400.0,0.0,1.0
2006-11-10,17.54,17.67,17.33,17.62,13.4745946258,19203300.0,0.0,1.0
2006-11-09,17.93,17.99,17.41,17.42,13.3216480352,25449700.0,0.0,1.0
2006-11-08,17.71,17.93,17.5,17.85,13.6504832049,25338900.0,0.0,1.0
2006-11-07,17.41,17.94,17.37,17.8,13.6122465573,29822800.0,0.0,1.0
2006-11-06,17.115,17.4,17.04,17.29,13.2222327514,18046700.0,0.0,1.0
2006-11-03,17.1,17.17,16.88,17.08,13.0616388313,23524400.0,0.0,1.0
2006-11-02,17.22,17.29,16.96,17.1,13.0769334904,27502700.0,0.0,1.0
2006-11-01,17.51,17.55,17.14,17.25,13.1916434333,23282700.0,0.0,1.0
2006-10-31,17.45,17.63,17.21,17.39,13.2987060467,23858800.0,0.0,1.0
2006-10-30,17.25,17.54,17.13,17.35,13.2681167286,23132400.0,0.0,1.0
2006-10-27,17.64,17.65,17.06,17.26,13.1992907628,27791700.0,0.0,1.0
2006-10-26,17.26,17.71,17.24,17.68,13.5204786029,22454100.0,0.0,1.0
2006-10-25,17.09,17.4,16.84,17.22,13.1687014447,35772000.0,0.0,1.0
2006-10-24,17.46,17.57,17.01,17.04,13.0310495132,28326300.0,0.0,1.0
2006-10-23,17.18,17.57,17.15,17.41,13.3140007057,24090800.0,0.0,1.0
2006-10-20,17.43,17.45,16.99,17.25,13.1916434333,26286400.0,0.0,1.0
2006-10-19,17.69,17.84,17.31,17.35,13.2681167286,43586600.0,0.0,1.0
2006-10-18,18.4,18.45,17.74,17.82,13.6275412163,42294600.0,0.0,1.0
2006-10-17,18.75,18.85,18.48,18.68,14.2852115556,22856300.0,0.0,1.0
2006-10-16,19.005,19.1,18.85,18.98,14.5146314414,17785500.0,0.0,1.0
2006-10-13,18.65,19.06,18.6,19.02,14.5452207595,30518100.0,0.0,1.0
2006-10-12,18.53,18.76,18.2,18.7,14.3005062146,33473100.0,0.0,1.0
2006-10-11,18.53,18.98,18.5,18.62,14.2393275784,29921500.0,0.0,1.0
2006-10-10,18.37,18.69,18.37,18.58,14.2087382603,25514100.0,0.0,1.0
2006-10-09,18.25,18.62,18.22,18.47,14.1246176355,30013100.0,0.0,1.0
2006-10-06,17.95,18.5,17.9,18.3,13.9946130336,42892900.0,0.0,1.0
2006-10-05,18.05,18.23,17.97,18.08,13.826371784,24948400.0,0.0,1.0
2006-10-04,17.65,18.2001,17.62,18.09,13.8340191135,31811900.0,0.0,1.0
2006-10-03,17.52,17.83,17.32,17.7401,13.5664390534,26400000.0,0.0,1.0
2006-10-02,17.69,17.87,17.52,17.61,13.4669472962,17054400.0,0.0,1.0
2006-09-29,17.68,17.92,17.6,17.73,13.5587152506,21315100.0,0.0,1.0
2006-09-28,17.55,17.88,17.55,17.73,13.5587152506,21278700.0,0.0,1.0
2006-09-27,17.54,17.99,17.5,17.54,13.4134159896,34668500.0,0.0,1.0
2006-09-26,17.38,17.65,17.2399,17.56,13.4287106486,26117400.0,0.0,1.0
2006-09-25,16.95,17.51,16.87,17.35,13.2681167286,34613600.0,0.0,1.0
2006-09-22,16.95,17.11,16.75,16.84,12.8781029227,27910100.0,0.0,1.0
2006-09-21,17.3,17.41,16.93,16.94,12.954576218,30801000.0,0.0,1.0
2006-09-20,17.6,17.64,17.1,17.27,13.2069380923,51397900.0,0.0,1.0
2006-09-19,17.77,17.78,17.19,17.45,13.3445900238,23282100.0,0.0,1.0
2006-09-18,17.42,17.81,17.42,17.78,13.5969518982,171107600.0,0.0,1.0
2006-09-15,17.41,17.75,17.2,17.2,13.1534067857,25254600.0,0.0,1.0
2006-09-14,17.21,17.44,17.13,17.28,13.2145854219,18208800.0,0.0,1.0
2006-09-13,17.43,17.76,17.25,17.34,13.260469399,24028100.0,0.0,1.0
2006-09-12,16.66,17.55,16.43,17.44,13.3369426943,37137100.0,0.0,1.0
2006-09-11,16.41,16.79,16.4,16.43,12.5645624121,18078000.0,0.0,1.0
2006-09-08,16.46,16.59,16.39,16.53,12.6410357074,13451300.0,0.0,1.0
2006-09-07,16.37,16.73,16.26,16.41,12.5492677531,24714700.0,0.0,1.0
2006-09-06,16.6,16.65,16.36,16.43,12.5645624121,20595200.0,0.0,1.0
2006-09-05,16.85,16.94,16.66,16.81,12.8551609341,32650500.0,0.0,1.0
2006-09-01,16.97,17.01,16.66,16.84,12.8781029227,17804300.0,0.0,1.0
2006-08-31,16.98,16.99,16.75,16.9,12.9239868999,17903900.0,0.0,1.0
2006-08-30,16.78,17.0,16.6,16.95,12.9622235475,20289400.0,0.0,1.0
2006-08-29,16.39,16.71,16.36,16.69,12.7633929798,27205800.0,0.0,1.0
2006-08-28,16.16,16.44,16.1,16.33,12.4880891168,17834000.0,0.0,1.0
2006-08-25,16.11,16.44,16.09,16.13,12.3351425263,22414600.0,0.0,1.0
2006-08-24,15.85,16.14,15.75,16.1,12.3122005377,41174100.0,0.0,1.0
2006-08-23,15.68,15.94,15.65,15.91,12.1669012767,34718000.0,0.0,1.0
2006-08-22,15.57,15.81,15.52,15.59,11.9221867319,19213800.0,0.0,1.0
2006-08-21,15.69,15.7,15.51,15.61,11.9374813909,13820100.0,0.0,1.0
2006-08-18,15.85,15.86,15.56,15.77,12.0598386634,15310500.0,0.0,1.0
2006-08-17,15.76,16.12,15.7,15.81,12.0904279815,29867600.0,0.0,1.0
2006-08-16,15.57,15.8801,15.33,15.71,12.0139546862,41034800.0,0.0,1.0
2006-08-15,15.74,15.82,15.55,15.69,11.9986600271,31706600.0,0.05,1.0
2006-08-14,15.35,15.71,15.31,15.4,11.7394767737,19602200.0,0.0,1.0
2006-08-11,15.15,15.47,15.12,15.17,11.5641469258,14583200.0,0.0,1.0
2006-08-10,15.15,15.49,15.06,15.43,11.7623458843,14190500.0,0.0,1.0
2006-08-09,15.45,15.59,15.07,15.12,11.5260317415,18972900.0,0.0,1.0
2006-08-08,15.55,15.55,15.09,15.25,11.6251312207,15797200.0,0.0,1.0
2006-08-07,15.4,15.62,15.27,15.4,11.7394767737,13716000.0,0.0,1.0
2006-08-04,15.9,16.04,15.37,15.5,11.8157071424,19616500.0,0.0,1.0
2006-08-03,15.47,15.86,15.4,15.71,11.9757909166,17715200.0,0.0,1.0
2006-08-02,15.51,15.7501,15.38,15.59,11.8843144742,15976400.0,0.0,1.0
2006-08-01,15.61,15.61,15.38,15.47,11.7928380318,20203800.0,0.0,1.0
2006-07-31,15.55,15.91,15.52,15.76,12.0139061009,18454500.0,0.0,1.0
2006-07-28,15.21,15.73,15.2,15.59,11.8843144742,27258100.0,0.0,1.0
2006-07-27,15.19,15.47,14.97,15.1,11.5107856677,29654800.0,0.0,1.0
2006-07-26,14.88,15.63,14.87,15.05,11.4726704834,23634500.0,0.0,1.0
2006-07-25,15.07,15.23,14.94,15.09,11.5031626309,20916000.0,0.0,1.0
2006-07-24,14.88,15.27,14.85,15.13,11.5336547783,23615000.0,0.0,1.0
2006-07-21,14.8,14.95,14.39,14.76,11.2516024143,43253500.0,0.0,1.0
2006-07-20,15.73,15.76,14.9,14.91,11.3659479673,42262400.0,0.0,1.0
2006-07-19,15.52,15.99,15.5,15.85,12.0825134327,29257200.0,0.0,1.0
2006-07-18,15.49,15.63,15.21,15.49,11.8080841055,28276500.0,0.0,1.0
2006-07-17,15.46,15.57,15.34,15.46,11.7852149949,18045500.0,0.0,1.0
2006-07-14,15.505,15.65,15.37,15.42,11.7547228474,21983100.0,0.0,1.0
2006-07-13,15.48,15.95,15.4,15.46,11.7852149949,29319400.0,0.0,1.0
2006-07-12,16.11,16.16,15.65,15.68,11.952921806,25183200.0,0.0,1.0
2006-07-11,15.58,16.15,15.51,16.14,12.3035815018,40227300.0,0.0,1.0
2006-07-10,16.12,16.2,15.67,15.79,12.0367752115,18229600.0,0.0,1.0
2006-07-07,16.25,16.3,15.97,16.08,12.2578432806,30563900.0,0.0,1.0
2006-07-06,16.25,16.53,16.19,16.38,12.4865343866,15821700.0,0.0,1.0
2006-07-05,16.35,16.52,16.1199,16.21,12.3569427599,15016800.0,0.0,1.0
2006-07-03,16.36,16.54,16.35,16.53,12.6008799396,6942000.0,0.0,1.0
2006-06-30,16.64,16.68,16.28,16.28,12.4103040179,21532200.0,0.0,1.0
2006-06-29,16.08,16.57,16.0,16.55,12.6161260133,30996000.0,0.0,1.0
2006-06-28,16.0,16.07,15.75,16.07,12.2502202437,20943100.0,0.0,1.0
2006-06-27,16.23,16.31,15.91,15.94,12.1511207645,20610300.0,0.0,1.0
2006-06-26,16.17,16.33,16.09,16.22,12.3645657967,13579700.0,0.0,1.0
2006-06-23,16.45,16.45,16.02,16.13,12.2959584649,29193100.0,0.0,1.0
2006-06-22,16.65,16.73,16.44,16.55,12.6161260133,17369100.0,0.0,1.0
2006-06-21,16.46,16.88,16.45,16.75,12.7685867506,20141700.0,0.0,1.0
2006-06-20,16.44,16.72,16.37,16.45,12.5398956446,24751600.0,0.0,1.0
2006-06-19,16.41,16.51,16.24,16.31,12.4331731285,18936500.0,0.0,1.0
2006-06-16,16.82,16.84,16.28,16.3,12.4255500916,30709300.0,0.0,1.0
2006-06-15,16.51,16.85,16.5,16.83,12.8295710455,26514400.0,0.0,1.0
2006-06-14,16.32,16.5,16.24,16.44,12.5322726078,23798700.0,0.0,1.0
2006-06-13,16.21,16.46,16.09,16.14,12.3035815018,26054200.0,0.0,1.0
2006-06-12,16.52,16.73,16.2,16.23,12.3721888336,16027200.0,0.0,1.0
2006-06-09,16.66,16.81,16.3,16.5,12.578010829,18218700.0,0.0,1.0
2006-06-08,16.48,16.68,16.25,16.61,12.6618642345,38694100.0,0.0,1.0
2006-06-07,16.58,16.73,16.34,16.37,12.4789113497,19266900.0,0.0,1.0
2006-06-06,16.69,16.75,16.35,16.51,12.5856338658,29880500.0,0.0,1.0
2006-06-05,16.98,17.0,16.5799,16.61,12.6618642345,17291500.0,0.0,1.0
2006-06-02,17.28,17.29,16.85,17.04,12.9896548197,18246900.0,0.0,1.0
2006-06-01,16.92,17.21,16.85,17.16,13.0811312621,22305700.0,0.0,1.0
2006-05-31,16.855,17.02,16.7,16.91,12.8905553405,29767600.0,0.0,1.0
2006-05-30,17.03,17.13,16.7087,16.71,12.7380946032,23444900.0,0.0,1.0
2006-05-26,16.8,17.05,16.76,16.91,12.8905553405,13783700.0,0.0,1.0
2006-05-25,16.9,16.95,16.6,16.73,12.7533406769,28276700.0,0.0,1.0
2006-05-24,16.35,16.87,16.34,16.8,12.806701935,34521700.0,0.0,1.0
2006-05-23,17.01,17.05,16.22,16.26,12.3950579442,36258600.0,0.0,1.0
2006-05-22,16.75,17.06,16.62,16.87,12.860063193,25215700.0,0.0,1.0
2006-05-19,16.78,17.19,16.74,17.0,12.9591626723,25191500.0,0.0,1.0
2006-05-18,17.07,17.2,16.78,16.78,12.7914558612,25767100.0,0.0,1.0
2006-05-17,17.35,17.71,16.85,16.93,12.9058014142,57483400.0,0.0,1.0
2006-05-16,17.8,17.95,17.43,17.85,13.6071208059,32751300.0,0.05,1.0
2006-05-15,18.0,18.27,17.55,17.75,13.4930946539,25622300.0,0.0,1.0
2006-05-12,18.07,18.38,18.02,18.09,13.7515539318,22144100.0,0.0,1.0
2006-05-11,18.13,18.4,18.0,18.11,13.7667574187,28129300.0,0.0,1.0
2006-05-10,18.52,18.58,18.14,18.19,13.8275713664,20262900.0,0.0,1.0
2006-05-09,18.88,18.89,18.45,18.61,14.146844592,21846200.0,0.0,1.0
2006-05-08,19.01,19.2,18.91,18.91,14.374896896,18467900.0,0.0,1.0
2006-05-05,18.68,19.11,18.66,19.05,14.4813213046,34499600.0,0.0,1.0
2006-05-04,18.16,18.68,18.12,18.55,14.1012341312,30253200.0,0.0,1.0
2006-05-03,17.7,18.1,17.68,18.06,13.7287487014,22992600.0,0.0,1.0
2006-05-02,17.67,17.85,17.6,17.69,13.4474841931,15623000.0,0.0,1.0
2006-05-01,17.95,18.0,17.59,17.62,13.3942719888,20704100.0,0.0,1.0
2006-04-28,18.25,18.3,17.95,17.95,13.6451295232,19590000.0,0.0,1.0
2006-04-27,17.8,18.5,17.64,18.34,13.9415975184,30610100.0,0.0,1.0
2006-04-26,17.87,18.06,17.62,17.91,13.6147225494,22368500.0,0.0,1.0
2006-04-25,17.89,18.0,17.74,17.86,13.576713832,15425900.0,0.0,1.0
2006-04-24,17.99,18.01,17.76,17.89,13.5995190624,16415800.0,0.0,1.0
2006-04-21,18.7,18.7,17.95,18.06,13.7287487014,24417200.0,0.0,1.0
2006-04-20,18.09,18.84,18.07,18.58,14.1240393616,27530000.0,0.0,1.0
2006-04-19,18.34,18.41,18.09,18.33,13.933995775,23562600.0,0.0,1.0
2006-04-18,17.73,18.23,17.6,18.14,13.7895626491,22757500.0,0.0,1.0
2006-04-17,18.03,18.22,17.53,17.65,13.4170772192,24999000.0,0.0,1.0
2006-04-13,17.65,18.27,17.65,18.11,13.7667574187,37280700.0,0.0,1.0
2006-04-12,17.53,17.72,17.41,17.42,13.2422371195,19376200.0,0.0,1.0
2006-04-11,17.65,17.8,17.32,17.51,13.3106528107,21109300.0,0.0,1.0
2006-04-10,17.65,17.8591,17.57,17.69,13.4474841931,22288400.0,0.0,1.0
2006-04-07,18.45,18.53,18.02,18.04,13.7135452144,18560100.0,0.0,1.0
2006-04-06,18.34,18.6,18.26,18.43,14.0100132096,19039500.0,0.0,1.0
2006-04-05,17.76,18.36,17.75,18.26,13.8807835707,26946500.0,0.0,1.0
2006-04-04,17.8,17.98,17.68,17.76,13.5006963973,25384000.0,0.0,1.0
2006-04-03,17.72,17.96,17.45,17.8,13.5311033712,26395300.0,0.0,1.0
2006-03-31,17.8,17.86,17.51,17.51,13.3106528107,21909000.0,0.0,1.0
2006-03-30,17.65,17.83,17.45,17.77,13.5082981408,26229100.0,0.0,1.0
2006-03-29,17.46,17.64,17.35,17.59,13.3714667584,28326000.0,0.0,1.0
2006-03-28,17.82,17.85,17.35,17.41,13.234635376,25853100.0,0.0,1.0
2006-03-27,18.0,18.08,17.81,17.85,13.5691120885,19200400.0,0.0,1.0
2006-03-24,17.6,17.95,17.5,17.94,13.6375277798,20188200.0,0.0,1.0
2006-03-23,17.65,17.9,17.56,17.6,13.3790685019,18886300.0,0.0,1.0
2006-03-22,17.67,17.73,17.44,17.67,13.4322807061,26983000.0,0.0,1.0
2006-03-21,17.49,17.91,17.41,17.51,13.3106528107,28232900.0,0.0,1.0
2006-03-20,17.55,17.65,17.42,17.49,13.2954493237,22004400.0,0.0,1.0
2006-03-17,17.66,17.7,17.27,17.49,13.2954493237,42849500.0,0.0,1.0
2006-03-16,18.54,18.54,17.66,17.7,13.4550859365,30503600.0,0.0,1.0
2006-03-15,18.36,18.66,18.25,18.57,14.1164376182,22895000.0,0.0,1.0
2006-03-14,17.85,18.47,17.83,18.36,13.9568010054,21252200.0,0.0,1.0
2006-03-13,18.02,18.1,17.78,17.93,13.6299260363,19105600.0,0.0,1.0
2006-03-10,17.88,18.06,17.54,17.79,13.5235016277,25355100.0,0.0,1.0
2006-03-09,17.97,18.19,17.68,17.7,13.4550859365,27467400.0,0.0,1.0
2006-03-08,18.24,18.27,17.59,17.88,13.591917319,55643500.0,0.0,1.0
2006-03-07,18.48,18.6201,18.27,18.33,13.933995775,22313600.0,0.0,1.0
2006-03-06,18.75,18.92,18.54,18.56,14.1088358747,19739500.0,0.0,1.0
2006-03-03,18.83,19.05,18.62,18.62,14.1544463355,26098700.0,0.0,1.0
2006-03-02,18.69,19.09,18.68,19.02,14.4585160742,34403800.0,0.0,1.0
2006-03-01,18.45,18.91,18.42,18.85,14.3292864352,40122400.0,0.0,1.0
2006-02-28,18.4,18.55,18.21,18.32,13.9263940315,34342600.0,0.0,1.0
2006-02-27,18.51,18.57,18.24,18.4,13.9872079792,43129800.0,0.0,1.0
2006-02-24,19.07,19.11,18.69,18.8,14.2912777179,27051700.0,0.0,1.0
2006-02-23,19.21,19.48,19.0,19.06,14.4889230481,22791600.0,0.0,1.0
2006-02-22,19.22,19.59,19.03,19.23,14.618152687,30943200.0,0.0,1.0
2006-02-21,19.7,19.79,19.08,19.29,14.6637631478,33953400.0,0.0,1.0
2006-02-17,19.91,20.0,19.53,19.72,14.9906381169,42116400.0,0.0,1.0
2006-02-16,20.81,20.901,19.81,19.96,15.1730799601,58252300.0,0.0,1.0
2006-02-15,20.29,20.5,20.09,20.46,15.5531671334,29766200.0,0.0,1.0
2006-02-14,20.0,20.27,19.8,20.26,15.4011322641,25472300.0,0.03,1.0
2006-02-13,19.78,20.04,19.56,19.86,15.0747405995,22929000.0,0.0,1.0
2006-02-10,20.04,20.11,19.75,19.96,15.1506456378,26658300.0,0.0,1.0
2006-02-09,20.2,20.69,20.01,20.08,15.2417316837,42755600.0,0.0,1.0
2006-02-08,19.92,20.1,19.5,20.1,15.2569126914,36722800.0,0.0,1.0
2006-02-07,19.12,19.53,19.05,19.5,14.8014824618,33818400.0,0.0,1.0
2006-02-06,18.67,19.17,18.59,19.08,14.4826813011,27082300.0,0.0,1.0
2006-02-03,18.9,18.96,18.27,18.68,14.179061148,30173500.0,0.0,1.0
2006-02-02,19.27,19.54,18.8199,18.86,14.3156902169,25979300.0,0.0,1.0
2006-02-01,18.95,19.44,18.8499,19.33,14.6724438967,35925700.0,0.0,1.0
2006-01-31,19.48,19.5,18.88,19.05,14.4599097896,36911600.0,0.0,1.0
2006-01-30,19.73,19.91,19.45,19.58,14.8622064924,16439400.0,0.0,1.0
2006-01-27,20.0,20.0,19.49,19.75,14.9912450575,30374500.0,0.0,1.0
2006-01-26,19.25,19.75,19.03,19.73,14.9760640498,41570300.0,0.0,1.0
2006-01-25,19.18,19.21,18.79,18.97,14.399185759,26159900.0,0.0,1.0
2006-01-24,19.02,19.34,18.75,18.98,14.4067762628,31776000.0,0.0,1.0
2006-01-23,19.22,19.31,18.91,18.98,14.4067762628,25884000.0,0.0,1.0
2006-01-20,19.89,20.0,19.0,19.07,14.4750907972,36845500.0,0.0,1.0
2006-01-19,20.27,20.44,19.82,19.99,15.1734171493,45442900.0,0.0,1.0
2006-01-18,19.72,20.2,19.53,19.74,14.9836545536,45441300.0,0.0,1.0
2006-01-17,19.7,19.77,19.41,19.76,14.9988355613,33912500.0,0.0,1.0
2006-01-13,20.4,20.41,19.93,20.1501,15.2949411156,43514700.0,0.0,1.0
2006-01-12,20.56,21.0625,20.26,20.82,15.8034289669,49071800.0,0.0,1.0
2006-01-11,19.89,20.77,19.67,20.65,15.6743904018,47633800.0,0.0,1.0
2006-01-10,19.49,19.84,19.43,19.79,15.0216070728,26595500.0,0.0,1.0
2006-01-09,19.37,19.59,19.32,19.52,14.8166634694,18700200.0,0.0,1.0
2006-01-06,18.88,19.44,18.79,19.37,14.702805912,27346100.0,0.0,1.0
2006-01-05,18.46,18.76,18.46,18.7,14.1942421557,18382000.0,0.0,1.0
2006-01-04,18.35,18.59,18.21,18.49,14.0348415753,17032500.0,0.0,1.0
2006-01-03,18.04,18.39,17.64,18.33,13.9133935141,17129900.0,0.0,1.0
2005-12-30,18.0,18.14,17.87,17.94,13.6173638648,10409500.0,0.0,1.0
2005-12-29,18.2,18.34,18.03,18.06,13.7084499108,7917400.0,0.0,1.0
2005-12-28,18.175,18.3,18.0099,18.21,13.8223074682,13357900.0,0.0,1.0
2005-12-27,18.47,18.56,18.15,18.19,13.8071264605,7164700.0,0.0,1.0
2005-12-23,18.395,18.61,18.32,18.4,13.9665270409,7113000.0,0.0,1.0
2005-12-22,18.14,18.41,18.14,18.33,13.9133935141,13764600.0,0.0,1.0
2005-12-21,18.17,18.51,18.06,18.15,13.7767644452,18897600.0,0.0,1.0
2005-12-20,18.43,18.53,18.11,18.3,13.8906220026,19699700.0,0.0,1.0
2005-12-19,18.97,19.06,18.38,18.43,13.9892985524,20689800.0,0.0,1.0
2005-12-16,19.03,19.12,18.93,18.93,14.3688237437,24606500.0,0.0,1.0
2005-12-15,18.99,19.07,18.89,19.02,14.4371382781,15142500.0,0.0,1.0
2005-12-14,19.1,19.15,18.9,18.99,14.4143667666,21703400.0,0.0,1.0
2005-12-13,19.04,19.47,19.0,19.2,14.573767347,21285000.0,0.0,1.0
2005-12-12,18.97,19.19,18.82,19.11,14.5054528126,19080600.0,0.0,1.0
2005-12-09,18.56,18.82,18.41,18.8,14.2701471939,20226600.0,0.0,1.0
2005-12-08,19.06,19.22,18.58,18.73,14.2170136671,32105800.0,0.0,1.0
2005-12-07,18.9,19.14,18.89,18.99,14.4143667666,24260100.0,0.0,1.0
2005-12-06,18.64,19.19,18.62,18.95,14.3840047513,30626200.0,0.0,1.0
2005-12-05,18.72,18.9,18.4,18.54,14.0727940944,19892000.0,0.0,1.0
2005-12-02,18.66,18.9801,18.61,18.83,14.2929187054,21737000.0,0.0,1.0
2005-12-01,18.21,18.79,18.17,18.64,14.1486991327,32124900.0,0.0,1.0
2005-11-30,18.05,18.2801,18.039,18.11,13.7464024299,14386300.0,0.0,1.0
2005-11-29,18.15,18.36,18.07,18.16,13.784354949,16954400.0,0.0,1.0
2005-11-28,18.34,18.37,18.04,18.1,13.7388119261,18735700.0,0.0,1.0
2005-11-25,17.9,18.5,17.9,18.3,13.8906220026,15123600.0,0.0,1.0
2005-11-23,17.55,18.06,17.5,17.95,13.6249543687,22574900.0,0.0,1.0
2005-11-22,17.41,17.96,17.37,17.54,13.3137437118,21882900.0,0.0,1.0
2005-11-21,17.22,17.54,16.42,17.41,13.215067162,14730500.0,0.0,1.0
2005-11-18,17.5,17.67,17.11,17.24,13.086028597,24831400.0,0.0,1.0
2005-11-17,17.2,17.37,17.02,17.34,13.1619336353,49217400.0,0.0,1.0
2005-11-16,17.78,17.9,17.57,17.77,13.4883252998,18512100.0,0.0,1.0
2005-11-15,17.92,18.01,17.65,17.74,13.4655537883,16649800.0,0.03,1.0
2005-11-14,17.94,18.15,17.88,17.92,13.579219127,15448600.0,0.0,1.0
2005-11-11,17.95,18.1,17.732,17.96,13.609529884,17243600.0,0.0,1.0
2005-11-10,17.86,18.01,17.6,17.93,13.5867968162,15759700.0,0.0,1.0
2005-11-09,17.53,17.96,17.39,17.92,13.579219127,28995700.0,0.0,1.0
2005-11-08,17.12,17.7401,17.1,17.49,13.2533784895,33767600.0,0.0,1.0
2005-11-07,16.98,17.21,16.9,17.12,12.9730039874,17916800.0,0.0,1.0
2005-11-04,16.92,17.09,16.7599,16.85,12.7684063778,18417700.0,0.0,1.0
2005-11-03,16.68,17.1,16.57,16.89,12.7987171348,32331300.0,0.0,1.0
2005-11-02,16.07,16.47,16.06,16.39,12.4198326725,33687800.0,0.0,1.0
2005-11-01,16.29,16.32,15.96,16.03,12.1470358597,24318000.0,0.0,1.0
2005-10-31,16.38,16.56,16.36,16.36,12.3970996048,20021400.0,0.0,1.0
2005-10-28,16.49,16.5,16.14,16.36,12.3970996048,31754800.0,0.0,1.0
2005-10-27,16.86,16.98,16.71,16.71,12.6623187284,15096100.0,0.0,1.0
2005-10-26,17.12,17.19,16.87,16.93,12.8290278917,16662900.0,0.0,1.0
2005-10-25,16.99,17.3,16.99,17.19,13.0260478121,15504000.0,0.0,1.0
2005-10-24,17.0,17.05,16.72,17.05,12.9199601627,12356900.0,0.0,1.0
2005-10-21,17.18,17.21,16.83,16.93,12.8290278917,22087100.0,0.0,1.0
2005-10-20,17.1,17.27,16.87,17.0,12.8820717165,20092100.0,0.0,1.0
2005-10-19,17.0,17.1,16.6199,17.1,12.9578486089,23149100.0,0.0,1.0
2005-10-18,17.15,17.29,17.04,17.23,13.0563585691,15804200.0,0.0,1.0
2005-10-17,17.33,17.4,17.17,17.37,13.1624462185,12716600.0,0.0,1.0
2005-10-14,17.36,17.46,17.15,17.33,13.1321354615,17716800.0,0.0,1.0
2005-10-13,17.17,17.5,17.04,17.36,13.1548685293,25844700.0,0.0,1.0
2005-10-12,16.81,17.03,16.7395,16.95,12.8441832702,24840600.0,0.0,1.0
2005-10-11,16.92,17.1,16.69,16.83,12.7532509993,21906900.0,0.0,1.0
2005-10-10,16.85,17.03,16.65,16.85,12.7684063778,20810600.0,0.0,1.0
2005-10-07,16.72,16.99,16.69,16.88,12.7911394455,20258200.0,0.0,1.0
2005-10-06,16.7,16.9,16.55,16.67,12.6320079714,33168400.0,0.0,1.0
2005-10-05,16.92,17.0,16.66,16.66,12.6244302821,15809200.0,0.0,1.0
2005-10-04,17.01,17.32,16.8899,16.92,12.8214502025,14021100.0,0.0,1.0
2005-10-03,17.1,17.25,16.98,16.98,12.866916338,16066900.0,0.0,1.0
2005-09-30,16.92,17.071,16.8,16.96,12.8517609595,18099500.0,0.0,1.0
2005-09-29,16.69,16.99,16.54,16.9,12.806294824,14473600.0,0.0,1.0
2005-09-28,16.79,16.9,16.58,16.72,12.6698964176,13886600.0,0.0,1.0
2005-09-27,16.87,16.94,16.52,16.68,12.6395856606,17125500.0,0.0,1.0
2005-09-26,17.09,17.18,16.76,16.87,12.7835617563,16175500.0,0.0,1.0
2005-09-23,16.86,17.11,16.73,16.94,12.836605581,12203200.0,0.0,1.0
2005-09-22,16.81,17.13,16.7,16.9,12.806294824,15509700.0,0.0,1.0
2005-09-21,17.11,17.14,16.795,16.82,12.74567331,16503600.0,0.0,1.0
2005-09-20,17.43,17.53,17.03,17.08,12.9426932304,20042300.0,0.0,1.0
2005-09-19,17.88,17.91,17.2,17.47,13.238223111,20231900.0,0.0,1.0
2005-09-16,18.03,18.06,17.71,17.92,13.579219127,20736500.0,0.0,1.0
2005-09-15,17.91,18.07,17.75,18.02,13.6549960194,22837500.0,0.0,1.0
2005-09-14,18.12,18.19,17.7399,17.83,13.5110199238,18134300.0,0.0,1.0
2005-09-13,17.93,18.29,17.84,18.09,13.7080398442,24010600.0,0.0,1.0
2005-09-12,17.95,17.96,17.77,17.78,13.4731314776,10971300.0,0.0,1.0
2005-09-09,17.84,18.03,17.7,17.97,13.6171075732,16974100.0,0.0,1.0
2005-09-08,17.67,17.98,17.61,17.77,13.4655537883,22482600.0,0.0,1.0
2005-09-07,17.7,17.72,17.41,17.61,13.3443107604,20485800.0,0.0,1.0
2005-09-06,17.78,17.84,17.65,17.78,13.4731314776,17655400.0,0.0,1.0
2005-09-02,17.83,17.91,17.58,17.7,13.4125099636,12028200.0,0.0,1.0
2005-09-01,18.24,18.25,17.64,17.73,13.4352430313,31805000.0,0.0,1.0
2005-08-31,17.99,18.32,17.95,18.32,13.8823266968,16716700.0,0.0,1.0
2005-08-30,17.98,18.1,17.93,18.1,13.7156175334,14283900.0,0.0,1.0
2005-08-29,17.88,18.2001,17.85,18.12,13.7307729119,13179100.0,0.0,1.0
2005-08-26,18.02,18.09,17.81,17.96,13.609529884,17009500.0,0.0,1.0
2005-08-25,18.1,18.2,17.97,17.99,13.6322629517,13778700.0,0.0,1.0
2005-08-24,18.27,18.51,18.0099,18.02,13.6549960194,22125900.0,0.0,1.0
2005-08-23,18.46,18.501,18.3299,18.39,13.9353705215,18216600.0,0.0,1.0
2005-08-22,18.22,18.52,18.21,18.52,14.0338804817,25006200.0,0.0,1.0
2005-08-19,18.12,18.28,18.07,18.17,13.7686613581,24349600.0,0.0,1.0
2005-08-18,18.09,18.29,18.02,18.12,13.7307729119,25893400.0,0.0,1.0
2005-08-17,17.89,18.39,17.8899,18.22,13.8065498043,60149300.0,0.0,1.0
2005-08-16,17.39,17.45,17.13,17.17,13.0108924336,24442100.0,0.0,1.0
2005-08-15,17.47,17.79,17.37,17.64,13.3670438281,16251100.0,0.03,1.0
2005-08-12,17.6,17.77,17.31,17.42,13.1779232307,22251600.0,0.0,1.0
2005-08-11,17.38,17.82,17.22,17.79,13.4578217149,22104600.0,0.0,1.0
2005-08-10,17.89,18.12,17.36,17.4,13.1627935829,24320100.0,0.0,1.0
2005-08-09,17.75,17.91,17.66,17.78,13.450256891,12546800.0,0.0,1.0
2005-08-08,17.94,17.95,17.53,17.63,13.3367845325,15551300.0,0.0,1.0
2005-08-05,17.9,18.1,17.76,17.85,13.5032106583,16766300.0,0.0,1.0
2005-08-04,18.29,18.31,17.92,17.95,13.5788588973,14456900.0,0.0,1.0
2005-08-03,18.43,18.49,18.29,18.41,13.9268407966,11980700.0,0.0,1.0
2005-08-02,18.2,18.6,18.14,18.58,14.0554428029,22433500.0,0.0,1.0
2005-08-01,18.56,18.59,18.04,18.24,13.7982387903,22710000.0,0.0,1.0
2005-07-29,18.29,18.54,18.13,18.48,13.9797945639,23232700.0,0.0,1.0
2005-07-28,18.07,18.48,18.02,18.28,13.8284980859,14372100.0,0.0,1.0
2005-07-27,18.23,18.25,17.81,18.11,13.6998960797,19421600.0,0.0,1.0
2005-07-26,18.13,18.3,18.03,18.26,13.8133684381,14704800.0,0.0,1.0
2005-07-25,18.17,18.51,18.15,18.18,13.7528498469,15347800.0,0.0,1.0
2005-07-22,18.27,18.441,17.9401,18.3,13.8436277337,14353100.0,0.0,1.0
2005-07-21,18.27,18.5,18.0499,18.19,13.7604146708,27314300.0,0.0,1.0
2005-07-20,17.33,18.4801,17.32,18.39,13.9117111488,58521100.0,0.0,1.0
2005-07-19,17.3,17.7,17.13,17.69,13.3821734759,22366900.0,0.0,1.0
2005-07-18,17.25,17.28,17.06,17.22,13.0266267527,11629700.0,0.0,1.0
2005-07-15,17.35,17.4,17.12,17.35,13.1249694634,17208100.0,0.0,1.0
2005-07-14,17.26,17.5,17.13,17.39,13.155228759,22064400.0,0.0,1.0
2005-07-13,16.99,17.15,16.85,17.13,12.9585433376,21077900.0,0.0,1.0
2005-07-12,17.14,17.38,17.01,17.1,12.9358488659,25520700.0,0.0,1.0
2005-07-11,16.75,17.2,16.74,17.2,13.0114971049,26473800.0,0.0,1.0
2005-07-08,16.39,16.72,16.28,16.66,12.6029966144,20648300.0,0.0,1.0
2005-07-07,16.01,16.37,15.99,16.34,12.3609222497,23667700.0,0.0,1.0
2005-07-06,16.24,16.29,16.0999,16.12,12.1944961239,16571900.0,0.0,1.0
2005-07-05,16.08,16.37,16.01,16.27,12.3079684824,16758200.0,0.0,1.0
2005-07-01,16.25,16.36,16.0999,16.14,12.2096257717,13541600.0,0.0,1.0
2005-06-30,16.13,16.42,16.11,16.18,12.2398850673,20274100.0,0.0,1.0
2005-06-29,16.37,16.5,16.11,16.2,12.2550147151,16248100.0,0.0,1.0
2005-06-28,16.33,16.42,16.24,16.31,12.338227778,16418000.0,0.0,1.0
2005-06-27,16.47,16.49,16.21,16.23,12.2777091868,17320200.0,0.0,1.0
2005-06-24,16.88,16.98,16.45,16.45,12.4441353126,17534100.0,0.0,1.0
2005-06-23,16.93,17.27,16.84,16.91,12.7921172119,35797100.0,0.0,1.0
2005-06-22,16.82,16.9,16.68,16.89,12.7769875641,16706400.0,0.0,1.0
2005-06-21,16.66,16.83,16.61,16.69,12.6256910861,18571500.0,0.0,1.0
2005-06-20,16.74,16.83,16.61,16.67,12.6105614383,18206200.0,0.0,1.0
2005-06-17,17.11,17.13,16.75,16.9,12.784552388,27041900.0,0.0,1.0
2005-06-16,16.89,17.17,16.75,16.87,12.7618579163,25943100.0,0.0,1.0
2005-06-15,16.96,17.02,16.51,16.88,12.7694227402,23861700.0,0.0,1.0
2005-06-14,16.94,17.09,16.8199,16.9,12.784552388,16471100.0,0.0,1.0
2005-06-13,16.98,17.2,16.91,16.98,12.8450709792,20291100.0,0.0,1.0
2005-06-10,17.32,17.35,16.95,17.15,12.9736729854,25501900.0,0.0,1.0
2005-06-09,16.83,17.43,16.83,17.4,13.1627935829,35847100.0,0.0,1.0
2005-06-08,16.7,16.97,16.58,16.89,12.7769875641,25448700.0,0.0,1.0
2005-06-07,16.88,17.04,16.56,16.58,12.5424780232,25794400.0,0.0,1.0
2005-06-06,16.85,16.87,16.61,16.82,12.7240337968,24709500.0,0.0,1.0
2005-06-03,16.87,16.93,16.71,16.87,12.7618579163,20988100.0,0.0,1.0
2005-06-02,16.58,16.86,16.56,16.86,12.7542930924,24800600.0,0.0,1.0
2005-06-01,16.42,16.81,16.41,16.62,12.5727373188,25008800.0,0.0,1.0
2005-05-31,16.77,16.8,16.41,16.42,12.4214408409,26809800.0,0.0,1.0
2005-05-27,16.65,16.68,16.35,16.65,12.5954317905,17329200.0,0.0,1.0
2005-05-26,16.48,16.75,16.47,16.69,12.6256910861,30204600.0,0.0,1.0
2005-05-25,16.38,16.48,16.23,16.4,12.4063111931,20537600.0,0.0,1.0
2005-05-24,15.92,16.5,15.91,16.48,12.4668297842,33810600.0,0.0,1.0
2005-05-23,15.85,16.09,15.8,16.03,12.1264127088,34306100.0,0.0,1.0
2005-05-20,15.8,15.9,15.64,15.85,11.9902458787,27465400.0,0.0,1.0
2005-05-19,15.81,16.01,15.59,15.72,11.891903168,35971400.0,0.0,1.0
2005-05-18,15.75,16.08,15.46,15.94,12.0583292937,79048300.0,0.0,1.0
2005-05-17,16.06,16.15,15.92,16.04,12.1339775327,29519100.0,0.0,1.0
2005-05-16,16.02,16.15,15.97,16.07,12.1566720044,16360900.0,0.03,1.0
2005-05-13,15.75,16.33,15.71,16.16,12.2019763721,34712900.0,0.0,1.0
2005-05-12,15.73,15.95,15.62,15.69,11.8470921583,22552200.0,0.0,1.0
2005-05-11,15.81,15.84,15.57,15.75,11.8923965261,19724300.0,0.0,1.0
2005-05-10,15.57,15.88,15.51,15.81,11.9377008938,26296200.0,0.0,1.0
2005-05-09,15.58,15.71,15.49,15.68,11.8395414304,15625200.0,0.0,1.0
2005-05-06,15.56,15.66,15.33,15.63,11.8017877906,20756100.0,0.0,1.0
2005-05-05,15.37,15.6,15.21,15.47,11.6809761434,30676900.0,0.0,1.0
2005-05-04,15.12,15.44,15.11,15.41,11.6356717757,21209200.0,0.0,1.0
2005-05-03,15.03,15.3,15.029,15.09,11.3940484812,22235000.0,0.0,1.0
2005-05-02,14.96,15.16,14.9,15.08,11.3864977532,19872300.0,0.0,1.0
2005-04-29,14.93,14.98,14.47,14.87,11.2279324662,29748800.0,0.0,1.0
2005-04-28,14.8,15.14,14.78,14.88,11.2354831941,25479400.0,0.0,1.0
2005-04-27,14.86,15.12,14.75,14.93,11.2732368339,21569100.0,0.0,1.0
2005-04-26,14.91,15.35,14.88,15.0,11.3260919296,23331300.0,0.0,1.0
2005-04-25,15.05,15.15,14.88,14.99,11.3185412016,20155200.0,0.0,1.0
2005-04-22,15.09,15.15,14.79,14.96,11.2958890178,22672200.0,0.0,1.0
2005-04-21,15.02,15.199,14.83,15.12,11.416700665,30646400.0,0.0,1.0
2005-04-20,15.37,15.53,14.73,14.76,11.1448744587,40096900.0,0.0,1.0
2005-04-19,15.05,15.07,14.71,15.0,11.3260919296,40266500.0,0.0,1.0
2005-04-18,14.7,15.02,14.61,14.86,11.2203817382,34288400.0,0.0,1.0
2005-04-15,15.09,15.18,14.33,14.5,10.9485555319,71497800.0,0.0,1.0
2005-04-14,15.55,15.63,15.23,15.26,11.5224108564,33039300.0,0.0,1.0
2005-04-13,15.83,15.85,15.43,15.45,11.6658746875,41455100.0,0.0,1.0
2005-04-12,15.98,16.04,15.62,15.92,12.0207589013,32627100.0,0.0,1.0
2005-04-11,16.1,16.15,15.98,16.0,12.0811647249,11908800.0,0.0,1.0
2005-04-08,16.18,16.24,16.04,16.07,12.1340198206,14771000.0,0.0,1.0
2005-04-07,16.01,16.19,15.99,16.15,12.1944256442,18636300.0,0.0,1.0
2005-04-06,16.18,16.29,15.98,16.0,12.0811647249,20568300.0,0.0,1.0
2005-04-05,16.13,16.18,15.95,16.02,12.0962661808,25859900.0,0.0,1.0
2005-04-04,16.0,16.18,15.94,16.05,12.1189183647,23996200.0,0.0,1.0
2005-04-01,16.45,16.47,15.95,16.01,12.0887154528,28137200.0,0.0,1.0
2005-03-31,16.66,16.66,16.22,16.25,12.2699329237,26441900.0,0.0,1.0
2005-03-30,16.35,16.69,16.35,16.639,12.5636562411,31744600.0,0.0,1.0
2005-03-29,16.4,16.53,16.25,16.31,12.3152372914,24854100.0,0.0,1.0
2005-03-28,16.69,16.8,16.43,16.45,12.4209474828,21176300.0,0.0,1.0
2005-03-24,16.35,16.71,16.26,16.63,12.5568605859,41920100.0,0.0,1.0
2005-03-23,15.81,16.4,15.81,16.21,12.2397300119,36822700.0,0.0,1.0
2005-03-22,16.1,16.19,15.81,15.81,11.9377008938,24814600.0,0.0,1.0
2005-03-21,16.04,16.17,15.83,16.01,12.0887154528,22335200.0,0.0,1.0
2005-03-18,16.14,16.23,15.97,15.99,12.0736139969,21614000.0,0.0,1.0
2005-03-17,16.06,16.25,16.0,16.17,12.2095271001,19901100.0,0.0,1.0
2005-03-16,16.09,16.37,15.98,16.03,12.1038169087,25912000.0,0.0,1.0
2005-03-15,16.57,16.57,16.13,16.2,12.232179284,25923200.0,0.0,1.0
2005-03-14,16.48,16.56,16.31,16.53,12.4813533064,19279500.0,0.0,1.0
2005-03-11,16.88,16.92,16.4,16.4,12.383193843,34511600.0,0.0,1.0
2005-03-10,16.7,16.851,16.5,16.83,12.707875145,23667800.0,0.0,1.0
2005-03-09,16.8,16.95,16.61,16.66,12.5795127698,27958700.0,0.0,1.0
2005-03-08,17.06,17.19,16.77,16.82,12.700324417,36888400.0,0.0,1.0
2005-03-07,16.87,17.29,16.83,17.15,12.9494984395,30988200.0,0.0,1.0
2005-03-04,17.23,17.26,16.79,16.88,12.7456287848,35932600.0,0.0,1.0
2005-03-03,17.28,17.29,16.79,17.1,12.9117447997,45159400.0,0.0,1.0
2005-03-02,17.34,17.51,17.09,17.22,13.0023535352,33562900.0,0.0,1.0
2005-03-01,17.57,17.81,17.42,17.67,13.342136293,31746200.0,0.0,1.0
2005-02-28,17.88,18.14,17.35,17.45,13.1760202781,34809400.0,0.0,1.0
2005-02-25,17.51,17.98,17.5,17.92,13.5309044919,31153600.0,0.0,1.0
2005-02-24,17.25,17.59,17.12,17.58,13.2741797415,37928000.0,0.0,1.0
2005-02-23,17.52,17.65,17.11,17.25,13.025005719,25409100.0,0.0,1.0
2005-02-22,17.1,17.75,17.09,17.46,13.183571006,37235700.0,0.0,1.0
2005-02-18,17.25,17.5,17.19,17.4,13.1382666383,26251000.0,0.0,1.0
2005-02-17,17.5,17.69,17.18,17.33,13.0854115426,40687400.0,0.0,1.0
2005-02-16,17.45,17.76,17.2,17.5,13.2137739178,58564700.0,0.0,1.0
2005-02-15,17.13,17.59,17.11,17.49,13.2062231899,57781600.0,0.0,1.0
2005-02-14,17.06,17.22,16.97,17.13,12.9343969836,32512000.0,0.0,1.0
2005-02-11,16.62,17.34,16.59,17.14,12.9419477115,42720100.0,0.0,1.0
2005-02-10,16.62,16.82,16.47,16.66,12.5795127698,33466300.0,0.0,1.0
2005-02-09,16.86,16.891,16.41,16.51,12.4662518505,40401600.0,0.0,1.0
2005-02-08,16.76,17.18,16.76,16.87,12.7380780568,43058500.0,0.0,1.0
2005-02-07,16.77,16.9,16.53,16.72,12.6248171375,29504600.0,0.0,1.0
2005-02-04,16.13,16.8,16.13,16.79,12.6776722332,45910500.0,0.0,1.0
2005-02-03,16.16,16.22,16.01,16.16,12.2019763721,32263500.0,0.0,1.0
2005-02-02,16.49,16.55,16.07,16.26,12.2774836517,36826700.0,0.0,1.0
2005-02-01,16.04,16.46,15.98,16.4,12.383193843,41142100.0,0.0,1.0
2005-01-31,16.3,16.4,15.88,15.9,12.0056574454,39572700.0,0.0,1.0
2005-01-28,16.48,16.49,15.96,16.04,12.1113676367,37629900.0,0.0,1.0
2005-01-27,16.12,16.51,16.01,16.48,12.4435996666,50387000.0,0.0,1.0
2005-01-26,15.78,16.17,15.73,16.12,12.1717734603,44581000.0,0.0,1.0
2005-01-25,15.27,15.73,15.24,15.65,11.8168892465,42485200.0,0.0,1.0
2005-01-24,15.72,15.74,15.15,15.17,11.4544543048,42847700.0,0.0,1.0
2005-01-21,15.95,16.08,15.53,15.59,11.7715848788,59403400.0,0.0,1.0
2005-01-20,15.92,16.35,15.88,15.91,12.0132081733,44608200.0,0.0,1.0
2005-01-19,16.54,16.55,15.99,16.01,12.0887154528,30926000.0,0.0,1.0
2005-01-18,16.55,16.63,16.39,16.53,12.4813533064,27221200.0,0.0,1.0
2005-01-14,16.35,16.75,16.29,16.53,12.4813533064,44824900.0,0.0,1.0
2005-01-13,16.5,16.5,16.11,16.25,12.2699329237,42228900.0,0.0,1.0
2005-01-12,16.5,16.76,16.2799,16.53,12.4813533064,60368200.0,0.0,1.0
2005-01-11,16.07,16.28,16.0,16.15,12.1944256442,42774000.0,0.0,1.0
2005-01-10,16.11,16.36,16.06,16.17,12.2095271001,34517800.0,0.0,1.0
2005-01-07,16.19,16.4,16.0499,16.15,12.1944256442,38288700.0,0.0,1.0
2005-01-06,16.3,16.37,16.05,16.1,12.1566720044,36949300.0,0.0,1.0
2005-01-05,16.4,16.56,16.11,16.22,12.2472807399,37914800.0,0.0,1.0
2005-01-04,16.91,16.97,16.19,16.5,12.4587011225,48021000.0,0.0,1.0
2005-01-03,17.2,17.31,16.81,16.82,12.700324417,33196000.0,0.0,1.0
2004-12-31,17.1,17.15,17.01,17.1,12.9117447997,11325700.0,0.0,1.0
2004-12-30,17.01,17.201,17.0,17.04,12.866440432,13506800.0,0.0,1.0
2004-12-29,16.81,17.15,16.81,17.03,12.8588897041,16285500.0,0.0,1.0
2004-12-28,16.82,17.01,16.74,16.92,12.7758316966,20885400.0,0.0,1.0
2004-12-27,17.03,17.1,16.77,16.81,12.6927736891,15541000.0,0.0,1.0
2004-12-23,16.96,17.06,16.87,17.03,12.8588897041,13689400.0,0.0,1.0
2004-12-22,17.07,17.15,16.9,16.99,12.8286867922,28390100.0,0.0,1.0
2004-12-21,16.87,17.05,16.76,16.86,12.7305273289,30533100.0,0.0,1.0
2004-12-20,16.85,17.03,16.539,16.76,12.6550200493,28953000.0,0.0,1.0
2004-12-17,16.935,17.16,16.79,16.837,12.7131606546,32217200.0,0.0,1.0
2004-12-16,17.33,17.49,16.88,17.07,12.8890926159,36100800.0,0.0,1.0
2004-12-15,17.42,17.55,17.32,17.46,13.183571006,26372800.0,0.0,1.0
2004-12-14,17.3,17.59,17.28,17.42,13.1533680942,28699700.0,0.0,1.0
2004-12-13,17.21,17.27,17.05,17.16,12.9570491674,20703500.0,0.0,1.0
2004-12-10,16.97,17.35,16.96,17.03,12.8588897041,27810800.0,0.0,1.0
2004-12-09,16.98,17.4,16.78,17.15,12.9494984395,36920100.0,0.0,1.0
2004-12-08,17.46,17.49,17.15,17.27,13.0401071749,31056800.0,0.0,1.0
2004-12-07,17.9,18.2,17.48,17.56,13.2590782856,30871800.0,0.0,1.0
2004-12-06,17.86,17.98,17.67,17.86,13.4856001242,28335500.0,0.0,1.0
2004-12-03,18.12,18.331,17.85,17.8853,13.5047034659,54018200.0,0.0,1.0
2004-12-02,17.59,17.97,17.4799,17.5,13.2137739178,43496200.0,0.0,1.0
2004-12-01,16.9,17.79,16.87,17.72,13.3798899328,58372900.0,0.0,1.0
2004-11-30,16.95,17.01,16.64,16.64,12.5644113139,34899500.0,0.0,1.0
2004-11-29,17.11,17.25,16.85,16.94,12.7909331525,25518500.0,0.0,1.0
2004-11-26,16.9,17.04,16.81,16.99,12.8286867922,8238200.0,0.0,1.0
2004-11-24,17.03,17.12,16.85,16.96,12.8060346084,27050600.0,0.0,1.0
2004-11-23,17.05,17.23,16.89,16.9,12.7607302407,30838700.0,0.0,1.0
2004-11-22,17.0,17.2,16.9,17.1,12.9117447997,36526800.0,0.0,1.0
2004-11-19,17.47,17.54,16.95,16.99,12.8286867922,48941100.0,0.0,1.0
2004-11-18,16.67,17.75,16.499,17.65,13.3270348371,97077200.0,0.0,1.0
2004-11-17,17.02,17.52,16.9,17.34,13.0929622706,68993500.0,0.0,1.0
2004-11-16,16.76,16.86,16.53,16.76,12.6550200493,30433100.0,0.0,1.0
2004-11-15,16.27,16.85,16.2,16.78,12.6701215052,42708100.0,0.0,1.0
2004-11-12,16.11,16.22,15.85,16.17,12.2095271001,35652000.0,0.0,1.0
2004-11-11,16.08,16.13,15.91,16.08,12.1415705485,26953800.0,0.0,1.0
2004-11-10,16.2,16.26,15.92,15.96,12.0509618131,37710300.0,0.0,1.0
2004-11-09,16.4,16.44,16.18,16.37,12.3605416592,27977900.0,0.0,1.0
2004-11-08,16.21,16.56,16.2,16.39,12.3756431151,34997900.0,0.0,1.0
2004-11-05,16.47,16.52,16.17,16.28,12.2925851076,32863600.0,0.0,1.0
2004-11-04,15.82,16.25,15.79,16.24,12.2623821958,40196100.0,0.0,1.0
2004-11-03,16.58,16.68,16.0,16.12,12.1717734603,50507900.0,0.0,1.0
2004-11-02,15.99,16.4,15.87,16.25,12.2699329237,44442200.0,0.0,1.0
2004-11-01,16.01,16.14,15.96,15.99,12.0736139969,27148600.0,0.0,1.0
2004-10-29,16.19,16.26,15.9,16.1,12.1566720044,32979300.0,0.0,1.0
2004-10-28,16.18,16.42,16.01,16.2,12.232179284,38123400.0,0.0,1.0
2004-10-27,15.76,16.181,15.64,16.14,12.1868749162,44277700.0,0.0,1.0
2004-10-26,15.87,15.89,15.58,15.69,11.8470921583,35244500.0,0.0,1.0
2004-10-25,15.69,16.12,15.59,15.88,11.9905559895,33587100.0,0.0,1.0
2004-10-22,16.56,16.61,15.91,15.96,12.0509618131,35394300.0,0.0,1.0
2004-10-21,16.23,16.43,16.13,16.38,12.3680923871,37913000.0,0.0,1.0
2004-10-20,15.81,16.2,15.66,16.12,12.1717734603,30455800.0,0.0,1.0
2004-10-19,16.08,16.21,15.78,15.89,11.9981067174,30257300.0,0.0,1.0
2004-10-18,15.67,15.9,15.49,15.86,11.9754545335,27201000.0,0.0,1.0
2004-10-15,15.82,15.95,15.67,15.7,11.8546428863,21630500.0,0.0,1.0
2004-10-14,16.09,16.17,15.65,15.7,11.8546428863,40786200.0,0.0,1.0
2004-10-13,16.73,16.82,16.27,16.39,12.3756431151,41538000.0,0.0,1.0
2004-10-12,16.02,16.26,15.96,16.16,12.2019763721,36732900.0,0.0,1.0
2004-10-11,16.2,16.33,15.75,16.29,12.3001358355,30017500.0,0.0,1.0
2004-10-08,16.93,16.94,16.02,16.21,12.2397300119,62499000.0,0.0,1.0
2004-10-07,17.13,17.38,17.08,17.16,12.9570491674,26978500.0,0.0,1.0
2004-10-06,17.26,17.27,16.97,17.24,13.0174549911,30577300.0,0.0,1.0
2004-10-05,17.15,17.4,17.05,17.33,13.0854115426,33521300.0,0.0,1.0
2004-10-04,17.62,17.69,17.14,17.16,12.9570491674,36253300.0,0.0,1.0
2004-10-01,16.88,17.37,16.81,17.3,13.0627593588,34105900.0,0.0,1.0
2004-09-30,16.42,16.82,16.41,16.49,12.4511503946,30755500.0,0.0,1.0
2004-09-29,16.31,16.59,16.25,16.38,12.3680923871,33679300.0,0.0,1.0
2004-09-28,16.45,16.47,16.0,16.21,12.2397300119,34463300.0,0.0,1.0
2004-09-27,16.53,16.79,16.33,16.41,12.390744571,24463000.0,0.0,1.0
2004-09-24,17.23,17.35,16.65,16.65,12.5719620418,35706700.0,0.0,1.0
2004-09-23,17.12,17.32,16.96,17.16,12.9570491674,26011500.0,0.0,1.0
2004-09-22,17.47,17.55,17.0,17.11,12.9192955277,31539600.0,0.0,1.0
2004-09-21,17.66,17.79,17.36,17.63,13.3119333812,35730200.0,0.0,1.0
2004-09-20,16.81,17.7,16.78,17.59,13.2817304694,38280900.0,0.0,1.0
2004-09-17,16.84,16.95,16.64,16.9,12.7607302407,30399500.0,0.0,1.0
2004-09-16,16.78,17.07,16.72,16.78,12.6701215052,21775600.0,0.0,1.0
2004-09-15,17.04,17.07,16.69,16.77,12.6625707773,28793500.0,0.0,1.0
2004-09-14,16.95,17.33,16.94,17.22,13.0023535352,34461000.0,0.0,1.0
2004-09-13,17.11,17.36,16.93,17.02,12.8513389761,42256000.0,0.0,1.0
2004-09-10,16.36,17.03,16.26,16.9,12.7607302407,30079300.0,0.0,1.0
2004-09-09,15.96,16.53,15.91,16.39,12.3756431151,39225800.0,0.0,1.0
2004-09-08,15.53,16.09,15.5,15.79,11.9225994379,29979900.0,0.0,1.0
2004-09-07,15.91,15.94,15.43,15.69,11.8470921583,35459200.0,0.0,1.0
2004-09-03,15.83,16.1,15.62,15.7,11.8546428863,35831900.0,0.0,1.0
2004-09-02,16.0,16.34,15.93,16.33,12.3303387473,20894200.0,0.0,1.0
2004-09-01,15.84,16.32,15.79,16.05,12.1189183647,29043700.0,0.0,1.0
2004-08-31,16.0,16.05,15.58,15.89,11.9981067174,29403600.0,0.0,1.0
2004-08-30,16.31,16.39,15.99,15.99,12.0736139969,19866900.0,0.0,1.0
2004-08-27,16.21,16.49,16.03,16.36,12.3529909312,30783000.0,0.0,1.0
2004-08-26,16.09,16.2,15.91,15.98,12.066063269,29187400.0,0.0,1.0
2004-08-25,15.91,16.29,15.81,16.26,12.2774836517,31906800.0,0.0,1.0
2004-08-24,16.34,16.36,15.84,15.93,12.0283096292,32141500.0,0.0,1.0
2004-08-23,16.1,16.45,16.06,16.22,12.2472807399,26420900.0,0.0,1.0
2004-08-20,15.81,16.16,15.66,16.02,12.0962661808,25214800.0,0.0,1.0
2004-08-19,16.07,16.2,15.7,15.88,11.9905559895,31951100.0,0.0,1.0
2004-08-18,15.84,16.31,15.71,16.16,12.2019763721,67429700.0,0.0,1.0
2004-08-17,15.99,16.25,15.89,16.07,12.1340198206,50081500.0,0.0,1.0
2004-08-16,15.71,16.04,15.63,15.64,11.8093385186,29313200.0,0.0,1.0
2004-08-13,15.73,15.75,15.36,15.64,11.8093385186,25704900.0,0.0,1.0
2004-08-12,16.01,16.28,15.51,15.61,11.7866863347,34516000.0,0.0,1.0
2004-08-11,16.33,16.36,15.9,16.26,12.2774836517,39812900.0,0.0,1.0
2004-08-10,16.61,16.91,16.54,16.9,12.7607302407,23309900.0,0.0,1.0
2004-08-09,16.46,16.61,16.16,16.51,12.4662518505,24444900.0,0.0,1.0
2004-08-06,16.53,16.85,16.22,16.33,12.3303387473,29588100.0,0.0,1.0
2004-08-05,17.05,17.38,16.8,16.8,12.6852229611,34343200.0,0.0,1.0
2004-08-04,16.64,17.1,16.59,17.0,12.8362375202,33202600.0,0.0,1.0
2004-08-03,17.05,17.07,16.43,16.45,12.4209474828,25346200.0,0.0,1.0
2004-08-02,16.79,17.19,16.78,17.06,12.8815418879,24919400.0,0.0,1.0
2004-07-30,16.53,17.07,16.49,16.97,12.8135853363,36268000.0,0.0,1.0
2004-07-29,16.1,16.62,16.08,16.46,12.4284982107,36023400.0,0.0,1.0
2004-07-28,15.95,16.07,15.61,15.86,11.9754545335,34279600.0,0.0,1.0
2004-07-27,16.25,16.36,15.9,16.18,12.217077828,28977400.0,0.0,1.0
2004-07-26,16.31,16.53,16.05,16.2,12.232179284,25846100.0,0.0,1.0
2004-07-23,16.74,16.87,16.33,16.36,12.3529909312,21592300.0,0.0,1.0
2004-07-22,16.62,17.01,16.43,16.93,12.7833824245,34272900.0,0.0,1.0
2004-07-21,17.39,17.4,16.55,16.62,12.549309858,37066300.0,0.0,1.0
2004-07-20,16.76,17.28,16.67,17.26,13.032556447,29985100.0,0.0,1.0
2004-07-19,16.78,17.0,16.64,16.77,12.6625707773,25972800.0,0.0,1.0
2004-07-16,17.1,17.2,16.65,16.65,12.5719620418,28945100.0,0.0,1.0
2004-07-15,16.94,17.16,16.6699,16.78,12.6701215052,34662000.0,0.0,1.0
2004-07-14,17.13,17.5,16.63,16.82,12.700324417,67117200.0,0.0,1.0
2004-07-13,18.18,18.26,17.75,17.93,13.5384552198,30913100.0,0.0,1.0
2004-07-12,18.16,18.2,17.86,18.18,13.7272234187,34470200.0,0.0,1.0
2004-07-09,18.54,18.76,18.35,18.66,14.0896583604,21824400.0,0.0,1.0
2004-07-08,18.05,18.67,18.0,18.38,13.8782379777,29331700.0,0.0,1.0
2004-07-07,17.95,18.48,17.94,18.17,13.7196726907,20292800.0,0.0,1.0
2004-07-06,18.19,18.24,17.77,18.01,13.5988610435,31000500.0,0.0,1.0
2004-07-02,18.85,18.85,18.42,18.5,13.9688467132,23890700.0,0.0,1.0
2004-07-01,19.501,19.53,18.72,19.0,14.3463831108,30867500.0,0.0,1.0
2004-06-30,19.61,19.83,19.52,19.62,14.8145282439,29866500.0,0.0,1.0
2004-06-29,18.93,19.66,18.87,19.63,14.8220789718,36574600.0,0.0,1.0
2004-06-28,19.4,19.41,18.82,18.85,14.2331221915,23535600.0,0.0,1.0
2004-06-25,18.91,19.34,18.86,19.27,14.5502527655,22942900.0,0.0,1.0
2004-06-24,18.91,19.26,18.84,18.87,14.2482236474,24453300.0,0.0,1.0
2004-06-23,18.58,19.03,18.41,18.97,14.3237309269,37486700.0,0.0,1.0
2004-06-22,18.1,18.58,17.97,18.55,14.0066003529,26621000.0,0.0,1.0
2004-06-21,18.26,18.43,18.02,18.03,13.6139624994,16451400.0,0.0,1.0
2004-06-18,18.21,18.58,18.0999,18.14,13.6970205068,24633700.0,0.0,1.0
2004-06-17,18.55,18.59,18.21,18.35,13.8555857939,23229200.0,0.0,1.0
2004-06-16,18.86,18.93,18.63,18.68,14.1047598163,18138800.0,0.0,1.0
2004-06-15,18.89,19.09,18.79,18.93,14.2935280151,20317800.0,0.0,1.0
2004-06-14,18.61,18.69,18.425,18.67,14.0972090884,19117700.0,0.0,1.0
2004-06-10,18.87,18.9627,18.5,18.92,14.2859772872,20015600.0,0.0,1.0
2004-06-09,19.0,19.08,18.57,18.68,14.1047598163,27138600.0,0.0,1.0
2004-06-08,19.18,19.27,18.97,19.11,14.4294411183,25257200.0,0.0,1.0
2004-06-07,18.98,19.45,18.91,19.42,14.6635136848,20298300.0,0.0,1.0
2004-06-04,18.95,19.05,18.75,18.76,14.1651656399,21036600.0,0.0,1.0
2004-06-03,18.94,18.95,18.58,18.58,14.0292525368,26507700.0,0.0,1.0
2004-06-02,19.56,19.66,18.92,19.05,14.3841367506,32223800.0,0.0,1.0
2004-06-01,19.77,19.99,19.5,19.68,14.8598326116,19685000.0,0.0,1.0
2004-05-28,19.75,19.98,19.45,19.97,15.0788037223,25700400.0,0.0,1.0
2004-05-27,19.48,19.86,19.42,19.6,14.799426788,38183300.0,0.0,1.0
2004-05-26,19.12,19.62,19.05,19.45,14.6861658687,32401600.0,0.0,1.0
2004-05-25,18.73,19.3,18.52,19.22,14.5124991258,34311800.0,0.0,1.0
2004-05-24,18.46,18.89,18.42,18.72,14.1349627281,29079100.0,0.0,1.0
2004-05-21,18.47,18.55,18.24,18.38,13.8782379777,22493200.0,0.0,1.0
2004-05-20,18.78,18.78,18.25,18.29,13.8102814261,32991000.0,0.0,1.0
2004-05-19,19.2,19.34,18.64,18.64,14.0745569045,59011400.0,0.0,1.0
2004-05-18,18.87,19.02,18.7,18.85,14.2331221915,35505000.0,0.0,1.0
2004-05-17,18.15,18.82,18.15,18.45,13.9310930734,28028100.0,0.0,1.0
2004-05-14,19.27,19.3,18.52,18.539,13.9982945522,38285100.0,0.0,1.0
2004-05-13,19.1615,19.29,18.82,18.91,14.2784265592,36474100.0,0.0,1.0
2004-05-12,19.44,19.5,18.71,19.35,14.6106585892,39001600.0,0.0,1.0
2004-05-11,19.33,19.71,19.2,19.61,14.8069775159,36583400.0,0.0,1.0
2004-05-10,18.79,19.16,18.58,19.089,14.4135845896,46247200.0,0.0,1.0
2004-05-07,18.64,19.23,18.62,18.67,14.0972090884,36858000.0,0.0,1.0
2004-05-06,18.33,18.79,18.21,18.63,14.0670061765,29690000.0,0.0,1.0
2004-05-05,18.77,18.8,18.38,18.58,14.0292525368,29329200.0,0.0,1.0
2004-05-04,18.29,18.97,18.21,18.65,14.0821076324,40353600.0,0.0,1.0
2004-05-03,18.5,18.78,17.81,18.12,13.6819190509,36006000.0,0.0,1.0
2004-04-30,18.5,18.7,18.22,18.27,13.7951799702,34211700.0,0.0,1.0
2004-04-29,19.0,19.13,18.09,18.43,13.9159916175,56574700.0,0.0,1.0
2004-04-28,19.25,19.54,18.88,18.94,14.3010787431,30612600.0,0.0,1.0
2004-04-27,19.4,19.7,19.24,19.27,14.5502527655,34238900.0,0.0,1.0
2004-04-26,20.02,20.08,19.22,19.44,14.6786151407,30920200.0,0.0,1.0
2004-04-23,19.94,20.1,19.8,19.98,15.0863544502,28679900.0,0.0,1.0
2004-04-22,19.5,20.3,19.37,19.73,14.8975862514,58064200.0,0.0,1.0
2004-04-21,20.4,20.58,19.98,20.23,15.275122649,33391200.0,0.0,1.0
2004-04-20,21.191,21.25,20.21,20.22,15.2675719211,36264400.0,0.0,1.0
2004-04-19,20.76,21.2,20.74,21.17,15.9848910766,29332700.0,0.0,1.0
2004-04-16,21.33,21.45,20.36,20.799,15.7047590696,50277100.0,0.0,1.0
2004-04-15,22.27,22.6,21.29,21.47,16.2114129152,40518800.0,0.0,1.0
2004-04-14,22.1,22.75,22.07,22.4,16.9136306148,25013100.0,0.0,1.0
2004-04-13,22.82,22.96,22.41,22.5,16.9891378944,25735900.0,0.0,1.0
2004-04-12,22.57,22.91,22.17,22.84,17.2458626448,23244100.0,0.0,1.0
2004-04-08,22.46,22.64,22.25,22.52,17.0042393503,29401500.0,0.0,1.0
2004-04-07,22.22,22.47,21.96,22.16,16.732413144,27731700.0,0.0,1.0
2004-04-06,22.38,22.42,22.03,22.33,16.8607755192,28739200.0,0.0,1.0
2004-04-05,22.41,22.7,22.39,22.66,17.1099495416,22419300.0,0.0,1.0
2004-04-02,22.41,22.57,22.18,22.55,17.0268915341,38056800.0,0.0,1.0
2004-04-01,21.36,21.9,21.29,21.72,16.400181114,25863200.0,0.0,1.0
2004-03-31,21.42,21.57,21.26,21.33,16.1057027239,21603600.0,0.0,1.0
2004-03-30,21.39,21.45,21.04,21.39,16.1510070916,32090000.0,0.0,1.0
2004-03-29,21.71,21.87,21.32,21.49,16.2265143711,23830400.0,0.0,1.0
2004-03-26,21.58,22.0,21.4,21.43,16.1812100034,30265900.0,0.0,1.0
2004-03-25,21.0,21.84,20.81,21.73,16.407731842,52824700.0,0.0,1.0
2004-03-24,20.29,21.07,20.24,20.77,15.6828619585,43134000.0,0.0,1.0
2004-03-23,20.34,20.67,20.06,20.36,15.3732821124,34594000.0,0.0,1.0
2004-03-22,20.15,20.32,19.79,20.2,15.2524704652,41059200.0,0.0,1.0
2004-03-19,21.05,21.12,20.25,20.34,15.3581806565,43368300.0,0.0,1.0
2004-03-18,21.31,21.54,20.94,21.13,15.9546881648,35256800.0,0.0,1.0
2004-03-17,21.23,21.47,21.13,21.32,16.0981519959,24834500.0,0.0,1.0
2004-03-16,20.94,21.19,20.76,21.14,15.9622388928,31872000.0,0.0,1.0
2004-03-15,21.17,21.21,20.7,20.73,15.6526590467,27502500.0,0.0,1.0
2004-03-12,21.16,21.4,21.05,21.3,16.08305054,25133500.0,0.0,1.0
2004-03-11,20.85,21.3,20.8,20.84,15.7357170542,51152200.0,0.0,1.0
2004-03-10,21.08,21.43,20.68,21.01,15.8640794294,32110800.0,0.0,1.0
2004-03-09,20.7,21.15,20.55,21.01,15.8640794294,41806200.0,0.0,1.0
2004-03-08,21.55,21.76,20.67,20.72,15.6451083187,32731500.0,0.0,1.0
2004-03-05,21.03,21.61,20.98,21.42,16.1736592754,35287800.0,0.0,1.0
2004-03-04,21.26,21.61,21.24,21.56,16.2793694668,22194600.0,0.0,1.0
2004-03-03,21.61,21.77,21.07,21.19,15.9999925325,32388000.0,0.0,1.0
2004-03-02,21.74,22.23,21.66,21.67,16.3624274743,36441000.0,0.0,1.0
2004-03-01,21.3,21.8,21.09,21.76,16.4303840258,33948500.0,0.0,1.0
2004-02-27,21.81,21.94,21.18,21.25,16.0452969002,34897800.0,0.0,1.0
2004-02-26,21.68,22.03,21.45,21.71,16.3926303861,25821400.0,0.0,1.0
2004-02-25,21.39,21.805,21.28,21.75,16.4228332979,31512600.0,0.0,1.0
2004-02-24,21.01,21.48,20.9,21.24,16.0377461723,39227500.0,0.0,1.0
2004-02-23,21.87,21.88,20.95,21.21,16.0150939884,42382900.0,0.0,1.0
2004-02-20,22.25,22.29,21.53,21.75,16.4228332979,48543700.0,0.0,1.0
2004-02-19,23.67,24.0,22.1,22.13,16.7097609601,75542100.0,0.0,1.0
2004-02-18,21.952,22.4,21.68,22.31,16.8456740633,39324000.0,0.0,1.0
2004-02-17,22.1,22.18,21.66,21.94,16.566297129,19909800.0,0.0,1.0
2004-02-13,22.245,22.32,21.619,21.77,16.4379347538,22826900.0,0.0,1.0
2004-02-12,22.38,22.66,21.96,22.05,16.6493551365,22583500.0,0.0,1.0
2004-02-11,22.15,22.46,22.117,22.3,16.8381233353,23523700.0,0.0,1.0
2004-02-10,22.04,22.27,21.836,22.03,16.6342536806,17801900.0,0.0,1.0
2004-02-09,22.5,22.67,22.01,22.05,16.6493551365,23320400.0,0.0,1.0
2004-02-06,21.41,22.48,21.39,22.38,16.8985291589,26901700.0,0.0,1.0
2004-02-05,21.59,21.67,21.229,21.36,16.1283549077,23496400.0,0.0,1.0
2004-02-04,21.26,21.67,21.14,21.38,16.1434563636,26953400.0,0.0,1.0
2004-02-03,21.25,21.75,21.11,21.68,16.3699782022,29301500.0,0.0,1.0
2004-02-02,22.09,22.13,21.5099,21.59,16.3020216506,28738200.0,0.0,1.0
2004-01-30,21.6,21.85,21.3,21.69,16.3775289302,25039400.0,0.0,1.0
2004-01-29,21.65,21.7614,20.787,21.51,16.241615827,45043500.0,0.0,1.0
2004-01-28,22.33,22.39,21.198,21.41,16.1661085475,36626500.0,0.0,1.0
2004-01-27,22.5,22.71,21.86,22.03,16.6342536806,43409200.0,0.0,1.0
2004-01-26,22.5,23.01,22.41,22.95,17.3289206523,29870700.0,0.0,1.0
2004-01-23,23.56,23.68,22.35,22.52,17.0042393503,37322200.0,0.0,1.0
2004-01-22,24.0,24.44,23.5,23.55,17.7819643294,23191600.0,0.0,1.0
2004-01-21,24.27,24.27,23.6,23.99,18.1141963594,23731200.0,0.0,1.0
2004-01-20,24.54,24.6,24.15,24.35,18.3860225657,20730400.0,0.0,1.0
2004-01-16,24.33,24.44,23.81,24.41,18.4313269334,27852700.0,0.0,1.0
2004-01-15,22.92,24.23,22.92,24.01,18.1292978153,39931100.0,0.0,1.0
2004-01-14,23.96,23.97,23.3,23.39,17.6611526822,34111300.0,0.0,1.0
2004-01-13,24.75,24.75,23.551,23.85,18.008486168,34141300.0,0.0,1.0
2004-01-12,24.28,24.676,23.99,24.63,18.5974429484,21903400.0,0.0,1.0
2004-01-09,23.95,24.72,23.87,24.26,18.3180660141,38330900.0,0.0,1.0
2004-01-08,24.17,24.39,23.51,24.28,18.33316747,30424500.0,0.0,1.0
2004-01-07,23.86,23.98,23.42,23.84,18.0009354401,27501300.0,0.0,1.0
2004-01-06,23.645,24.07,23.27,23.92,18.0613412637,31627300.0,0.0,1.0
2004-01-05,22.58,23.6,22.5,23.52,17.7593121456,36706100.0,0.0,1.0
2004-01-02,22.61,22.64,22.0,22.1,16.6871087763,26511800.0,0.0,1.0
2003-12-31,22.61,22.66,22.2,22.44,16.9438335267,19786900.0,0.0,1.0
2003-12-30,22.77,22.83,22.25,22.49,16.9815871664,22714400.0,0.0,1.0
2003-12-29,22.35,22.77,22.34,22.72,17.1552539093,15273900.0,0.0,1.0
2003-12-26,22.3,22.48,22.13,22.17,16.7399638719,5428300.0,0.0,1.0
2003-12-24,22.44,22.56,22.15,22.25,16.8003696955,8636100.0,0.0,1.0
2003-12-23,21.94,22.46,21.86,22.33,16.8607755192,23507600.0,0.0,1.0
2003-12-22,21.75,22.16,21.6,22.0,16.6116014967,17846000.0,0.0,1.0
2003-12-19,21.99,22.3,21.689,21.86,16.5058913054,34256200.0,0.0,1.0
2003-12-18,21.15,21.98,21.1,21.84,16.4907898495,31323100.0,0.0,1.0
2003-12-17,21.31,21.77,20.83,21.0,15.8565287014,35329300.0,0.0,1.0
2003-12-16,21.71,21.84,20.61,21.32,16.0981519959,37363900.0,0.0,1.0
2003-12-15,23.2,23.26,21.61,21.63,16.3322245625,31721800.0,0.0,1.0
2003-12-12,22.44,22.62,22.12,22.42,16.9287320708,23370900.0,0.0,1.0
2003-12-11,21.61,22.4,21.49,22.26,16.8079204235,27873200.0,0.0,1.0
2003-12-10,21.51,21.7,21.03,21.65,16.3473260184,31240900.0,0.0,1.0
2003-12-09,22.63,22.72,21.25,21.36,16.1283549077,34834600.0,0.0,1.0
2003-12-08,22.38,22.74,21.95,22.45,16.9513842546,26695100.0,0.0,1.0
2003-12-05,22.78,22.941,22.1,22.34,16.8683262471,26445700.0,0.0,1.0
2003-12-04,23.64,23.72,22.5999,23.22,17.532790307,38486000.0,0.0,1.0
2003-12-03,24.26,24.49,23.56,23.74,17.9254281606,24028000.0,0.0,1.0
2003-12-02,24.21,24.39,23.98,24.06,18.1670514551,22547800.0,0.0,1.0
2003-12-01,24.53,24.68,23.92,24.21,18.2803123743,28348200.0,0.0,1.0
2003-11-28,23.75,24.33,23.73,24.24,18.3029645582,8467500.0,0.0,1.0
2003-11-26,24.21,24.29,23.33,23.74,17.9254281606,24346200.0,0.0,1.0
2003-11-25,24.02,24.38,23.749,24.02,18.1368485432,24996100.0,0.0,1.0
2003-11-24,23.33,23.84,23.14,23.79,17.9631818003,27438800.0,0.0,1.0
2003-11-21,23.1,23.22,22.707,22.96,17.3364713802,25572300.0,0.0,1.0
2003-11-20,23.165,23.69,22.81,22.85,17.2534133727,35312200.0,0.0,1.0
2003-11-19,23.18,23.5,22.96,23.43,17.691355594,28197200.0,0.0,1.0
2003-11-18,23.92,24.01,23.01,23.03,17.3893264759,33677400.0,0.0,1.0
2003-11-17,23.27,23.989,23.18,23.74,17.9254281606,38470500.0,0.0,1.0
2003-11-14,24.77,24.82,23.25,23.48,17.7291092338,45846500.0,0.0,1.0
2003-11-13,25.37,25.58,24.22,24.74,18.6805009559,70776500.0,0.0,1.0
2003-11-12,25.15,25.62,25.05,25.44,19.2090519126,43183500.0,0.0,1.0
2003-11-11,24.41,25.07,24.0,24.9,18.8013126031,26211000.0,0.0,1.0
2003-11-10,25.4,25.44,24.2,24.41,18.4313269334,28849000.0,0.0,1.0
2003-11-07,25.9,25.94,25.08,25.25,19.0655880815,30718500.0,0.0,1.0
2003-11-06,25.34,25.75,24.87,25.61,19.3374142878,34818000.0,0.0,1.0
2003-11-05,24.9,25.1,24.47,24.95,18.8390662429,24610400.0,0.0,1.0
2003-11-04,24.3,25.02,24.2,24.9,18.8013126031,38547200.0,0.0,1.0
2003-11-03,23.72,24.652,23.66,24.56,18.5445878527,32795900.0,0.0,1.0
2003-10-31,23.14,23.53,23.07,23.33,17.6158483145,28046100.0,0.0,1.0
2003-10-30,22.98,23.48,22.58,23.24,17.5478917629,34455200.0,0.0,1.0
2003-10-29,22.03,22.88,22.03,22.58,17.049543718,37816700.0,0.0,1.0
2003-10-28,21.42,22.6,21.34,22.55,17.0268915341,47544300.0,0.0,1.0
2003-10-27,20.85,21.14,20.6,20.72,15.6451083187,21128700.0,0.0,1.0
2003-10-24,20.36,20.86,20.17,20.65,15.5922532231,24401200.0,0.0,1.0
2003-10-23,20.2,20.81,20.06,20.65,15.5922532231,33702800.0,0.0,1.0
2003-10-22,21.5,21.51,21.0,21.33,16.1057027239,20182600.0,0.0,1.0
2003-10-21,21.96,21.97,21.58,21.87,16.5134420333,19710400.0,0.0,1.0
2003-10-20,21.2,21.64,21.07,21.599,16.3088173058,22132500.0,0.0,1.0
2003-10-17,21.77,21.9,21.06,21.12,15.9471374369,19511800.0,0.0,1.0
2003-10-16,21.33,21.89,21.27,21.87,16.5134420333,26211100.0,0.0,1.0
2003-10-15,21.54,21.99,21.33,21.6,16.3095723786,46015500.0,0.0,1.0
2003-10-14,20.82,20.96,20.45,20.9,15.7810214219,23536500.0,0.0,1.0
2003-10-13,21.04,21.27,20.81,21.0,15.8565287014,22042300.0,0.0,1.0
2003-10-10,20.95,21.0,20.6,20.75,15.6677605026,24420400.0,0.0,1.0
2003-10-09,20.6,20.82,20.169,20.553,15.5190111619,38441400.0,0.0,1.0
2003-10-08,20.05,20.34,19.69,20.13,15.1996153695,34403700.0,0.0,1.0
2003-10-07,19.1,19.9,19.08,19.88,15.0108471707,27768900.0,0.0,1.0
2003-10-06,19.53,19.61,19.1,19.31,14.5804556774,17974200.0,0.0,1.0
2003-10-03,19.33,19.765,18.67,19.46,14.6937165966,38684300.0,0.0,1.0
2003-10-02,18.6,19.0418,18.47,18.55,14.0066003529,29494800.0,0.0,1.0
2003-10-01,18.27,18.69,18.19,18.56,14.0141510809,29292600.0,0.0,1.0
2003-09-30,18.75,18.77,18.11,18.13,13.6894697789,31563800.0,0.0,1.0
2003-09-29,18.66,19.091,18.49,18.92,14.2859772872,24197200.0,0.0,1.0
2003-09-26,18.75,19.05,18.36,18.421,13.9091959623,29395500.0,0.0,1.0
2003-09-25,18.66,19.251,18.38,18.67,14.0972090884,36277000.0,0.0,1.0
2003-09-24,19.71,19.81,18.44,18.482,13.9552554028,34599800.0,0.0,1.0
2003-09-23,19.68,19.73,19.3003,19.69,14.8673833396,32342100.0,0.0,1.0
2003-09-22,19.86,20.04,19.45,19.67,14.8522818837,34273800.0,0.0,1.0
2003-09-19,20.81,20.91,20.35,20.48,15.4638908479,28695800.0,0.0,1.0
2003-09-18,20.58,21.01,20.319,20.79,15.6979634144,36841300.0,0.0,1.0
2003-09-17,21.35,21.5,20.92,21.12,15.9471374369,22032300.0,0.0,1.0
2003-09-16,20.64,21.45,20.64,21.38,16.1434563636,25427200.0,0.0,1.0
2003-09-15,21.48,21.54,20.54,20.58,15.5393981274,29343700.0,0.0,1.0
2003-09-12,20.91,20.971,20.53,20.97,15.8338765176,22868800.0,0.0,1.0
2003-09-11,20.81,21.27,20.1,21.11,15.9395867089,33942100.0,0.0,1.0
2003-09-10,21.77,21.84,20.54,20.7,15.6300068628,32395900.0,0.0,1.0
2003-09-09,22.16,22.33,21.7,22.07,16.6644565924,28120900.0,0.0,1.0
2003-09-08,21.74,22.333,21.55,22.22,16.7777175117,33413900.0,0.0,1.0
2003-09-05,21.14,21.95,21.07,21.34,16.1132534518,34104000.0,0.0,1.0
2003-09-04,21.33,21.44,21.02,21.22,16.0226447164,25165500.0,0.0,1.0
2003-09-03,21.49,21.5,20.799,20.96,15.8263257896,25848100.0,0.0,1.0
2003-09-02,21.88,21.97,20.8,21.29,16.0754998121,29564000.0,0.0,1.0
2003-08-29,21.27,21.67,21.24,21.63,16.3322245625,14966600.0,0.0,1.0
2003-08-28,21.76,21.85,21.2,21.57,16.2869201947,26836800.0,0.0,1.0
2003-08-27,20.86,21.67,20.82,21.65,16.3473260184,21803600.0,0.0,1.0
2003-08-26,21.05,21.05,20.37,20.95,15.8187750617,24572500.0,0.0,1.0
2003-08-25,21.23,21.53,21.03,21.2,16.0075432605,21080600.0,0.0,1.0
2003-08-22,21.8,22.34,21.11,21.3,16.08305054,45979700.0,0.0,1.0
2003-08-21,20.34,20.77,20.22,20.73,15.6526590467,25248200.0,0.0,1.0
2003-08-20,19.85,20.45,19.8,20.04,15.1316588179,21972400.0,0.0,1.0
2003-08-19,19.79,20.132,19.69,20.08,15.1618617297,31035000.0,0.0,1.0
2003-08-18,19.19,19.76,18.98,19.74,14.9051369793,27706200.0,0.0,1.0
2003-08-15,19.16,19.26,18.72,18.95,14.308629471,12777500.0,0.0,1.0
2003-08-14,18.96,19.31,18.82,19.17,14.474745486,20665800.0,0.0,1.0
2003-08-13,18.4,19.34,18.3,19.07,14.3992382065,49490700.0,0.0,1.0
2003-08-12,18.44,18.47,18.16,18.45,13.9310930734,32159100.0,0.0,1.0
2003-08-11,17.93,18.41,17.9,18.34,13.8480350659,23456800.0,0.0,1.0
2003-08-08,18.95,18.98,17.69,17.88,13.5007015801,29373200.0,0.0,1.0
2003-08-07,18.65,19.01,18.59,18.78,14.1802670958,24886200.0,0.0,1.0
2003-08-06,18.79,19.05,18.5,18.55,14.0066003529,27367700.0,0.0,1.0
2003-08-05,19.64,19.79,18.83,18.87,14.2482236474,26569700.0,0.0,1.0
2003-08-04,19.51,19.83,19.22,19.77,14.9277891632,20279400.0,0.0,1.0
2003-08-01,19.52,19.62,19.15,19.56,14.7692238762,17013500.0,0.0,1.0
2003-07-31,19.47,19.84,18.6,19.46,14.6937165966,23101500.0,0.0,1.0
2003-07-30,19.29,19.332,19.03,19.22,14.5124991258,19798300.0,0.0,1.0
2003-07-29,19.64,19.66,19.02,19.36,14.6182093171,24514100.0,0.0,1.0
2003-07-28,19.34,19.83,19.2,19.71,14.8824847955,24285800.0,0.0,1.0
2003-07-25,18.8,19.31,18.495,19.3,14.5729049494,20637900.0,0.0,1.0
2003-07-24,19.33,19.51,18.8,18.9,14.2708758313,34177300.0,0.0,1.0
2003-07-23,18.84,19.34,18.73,19.3,14.5729049494,31447000.0,0.0,1.0
2003-07-22,18.57,18.96,18.27,18.762,14.1666757855,39846300.0,0.0,1.0
2003-07-21,18.08,18.14,17.73,17.87,13.4931508521,17791400.0,0.0,1.0
2003-07-18,18.43,18.44,17.62,18.18,13.7272234187,20163300.0,0.0,1.0
2003-07-17,18.7,18.824,18.02,18.309,13.8246278092,36110500.0,0.0,1.0
2003-07-16,18.95,19.22,18.55,19.22,14.5124991258,44670500.0,0.0,1.0
2003-07-15,18.52,19.26,18.46,18.67,14.0972090884,53458500.0,0.0,1.0
2003-07-14,17.97,18.34,17.92,18.14,13.6970205068,39969500.0,0.0,1.0
2003-07-11,17.46,17.55,17.11,17.39,13.1307159104,18206500.0,0.0,1.0
2003-07-10,17.46,17.62,17.2,17.44,13.1684695501,19272700.0,0.0,1.0
2003-07-09,17.7,17.95,17.44,17.65,13.3270348371,29465200.0,0.0,1.0
2003-07-08,17.33,17.82,17.25,17.8,13.4402957564,28178900.0,0.0,1.0
2003-07-07,16.48,17.73,16.45,17.63,13.3119333812,46537600.0,0.0,1.0
2003-07-03,16.18,16.46,15.98,16.02,12.0962661808,12057200.0,0.0,1.0
2003-07-02,16.14,16.33,15.93,16.27,12.2850343796,25707900.0,0.0,1.0
2003-07-01,15.68,16.25,15.399,16.18,12.217077828,31291900.0,0.0,1.0
2003-06-30,16.26,16.4,15.81,15.84,11.9603530776,19693700.0,0.0,1.0
2003-06-27,15.87,16.45,15.87,16.02,12.0962661808,33552900.0,0.0,1.0
2003-06-26,15.55,16.03,15.47,15.93,12.0283096292,20440700.0,0.0,1.0
2003-06-25,15.45,16.0,15.4,15.41,11.6356717757,26087800.0,0.0,1.0
2003-06-24,15.3,15.57,15.19,15.33,11.575265952,21185900.0,0.0,1.0
2003-06-23,15.71,16.0,15.34,15.59,11.7715848788,21883000.0,0.0,1.0
2003-06-20,16.0,16.21,15.51,15.779,11.9142936371,29228300.0,0.0,1.0
2003-06-19,16.3,16.32,15.85,15.98,12.066063269,24068400.0,0.0,1.0
2003-06-18,15.66,16.26,15.395,16.105,12.1604473684,29582800.0,0.0,1.0
2003-06-17,15.9,15.96,15.43,15.77,11.907497982,24796900.0,0.0,1.0
2003-06-16,15.36,15.68,15.149,15.679,11.8387863576,23357600.0,0.0,1.0
2003-06-13,15.65,15.73,15.15,15.23,11.4997586725,22343400.0,0.0,1.0
2003-06-12,15.86,16.65,15.34,15.62,11.7942370627,24473100.0,0.0,1.0
2003-06-11,15.44,15.85,15.25,15.76,11.899947254,29258200.0,0.0,1.0
2003-06-10,15.66,15.87,15.18,15.83,11.9528023497,31659800.0,0.0,1.0
2003-06-09,16.07,16.12,15.52,15.82,11.9452516217,26886700.0,0.0,1.0
2003-06-06,17.33,17.64,16.05,16.29,12.3001358355,52065600.0,0.0,1.0
2003-06-05,16.29,16.91,16.19,16.87,12.7380780568,37433500.0,0.0,1.0
2003-06-04,15.79,16.69,15.6,16.66,12.5795127698,44814400.0,0.0,1.0
2003-06-03,15.29,15.891,15.25,15.83,11.9528023497,30922400.0,0.0,1.0
2003-06-02,15.89,15.99,15.18,15.29,11.5450630402,30907300.0,0.0,1.0
2003-05-30,15.08,15.66,15.05,15.56,11.748932695,44709400.0,0.0,1.0
2003-05-29,14.82,15.2,14.71,14.82,11.1901788264,36635800.0,0.0,1.0
2003-05-28,14.72,15.02,14.629,14.77,11.1524251867,30195000.0,0.0,1.0
2003-05-27,13.84,14.75,13.79,14.69,11.092019363,31145400.0,0.0,1.0
2003-05-23,13.9,14.01,13.65,13.84,10.450207487,20512200.0,0.0,1.0
2003-05-22,13.66,14.04,13.56,13.88,10.4804103988,24210600.0,0.0,1.0
2003-05-21,13.8,13.85,13.49,13.66,10.3142943839,24529300.0,0.0,1.0
2003-05-20,13.82,13.99,13.59,13.76,10.3898016634,27292600.0,0.0,1.0
2003-05-19,14.06,14.2,13.72,13.75,10.3822509355,25117500.0,0.0,1.0
2003-05-16,14.7,14.98,14.228,14.31,10.8050917008,28832000.0,0.0,1.0
2003-05-15,15.07,15.12,14.53,14.89,11.2430339221,31874000.0,0.0,1.0
2003-05-14,15.28,15.51,14.71,14.97,11.3034397457,46398800.0,0.0,1.0
2003-05-13,15.48,15.68,15.37,15.56,11.748932695,28978800.0,0.0,1.0
2003-05-12,15.29,15.76,15.09,15.72,11.8697443422,41598500.0,0.0,1.0
2003-05-09,15.08,15.1,14.74,15.08,11.3864977532,24434200.0,0.0,1.0
2003-05-08,14.95,15.03,14.56,14.59,11.0165120835,25179300.0,0.0,1.0
2003-05-07,15.38,15.49,15.03,15.15,11.4393528489,22082000.0,0.0,1.0
2003-05-06,15.12,15.63,14.96,15.46,11.6734254154,29858000.0,0.0,1.0
2003-05-05,15.25,15.63,15.05,15.08,11.3864977532,26509900.0,0.0,1.0
2003-05-02,14.95,15.31,14.79,15.15,11.4393528489,27336000.0,0.0,1.0
2003-05-01,14.8,14.88,14.26,14.75,11.1373237308,25825400.0,0.0,1.0
2003-04-30,14.8,14.93,14.59,14.62,11.0391642674,26626600.0,0.0,1.0
2003-04-29,14.95,15.16,14.66,14.89,11.2430339221,42944400.0,0.0,1.0
2003-04-28,14.27,14.65,14.0,14.46,10.9183526201,25561200.0,0.0,1.0
2003-04-25,14.73,14.789,14.06,14.19,10.7144829654,31839600.0,0.0,1.0
2003-04-24,15.06,15.41,15.0,15.05,11.3638455693,24183200.0,0.0,1.0
2003-04-23,15.765,15.77,15.29,15.57,11.7564834229,28549200.0,0.0,1.0
2003-04-22,14.86,15.83,14.7,15.81,11.9377008938,35662700.0,0.0,1.0
2003-04-21,14.75,15.01,14.39,14.99,11.3185412016,26734500.0,0.0,1.0
2003-04-17,13.94,15.74,13.91,14.8,11.1750773705,32263800.0,0.0,1.0
2003-04-16,13.85,14.3,13.77,14.03,10.5936713181,36888900.0,0.0,1.0
2003-04-15,13.19,13.66,13.05,13.41,10.125526185,25371700.0,0.0,1.0
2003-04-14,13.11,13.51,12.91,13.48,10.1783812807,18708300.0,0.0,1.0
2003-04-11,13.45,13.491,12.98,13.03,9.83859852283,19158400.0,0.0,1.0
2003-04-10,13.13,13.31,12.91,13.24,9.99716380985,19447100.0,0.0,1.0
2003-04-09,13.59,13.64,13.02,13.09,9.88390289055,23778200.0,0.0,1.0
2003-04-08,13.72,13.76,13.36,13.41,10.125526185,22334800.0,0.0,1.0
2003-04-07,14.26,14.35,13.86,13.88,10.4804103988,30307600.0,0.0,1.0
2003-04-04,13.86,13.88,13.35,13.52,10.2085841925,20192100.0,0.0,1.0
2003-04-03,13.651,14.0,13.41,13.74,10.3747002075,25701200.0,0.0,1.0
2003-04-02,13.19,13.68,13.17,13.59,10.2614392882,21368400.0,0.0,1.0
2003-04-01,12.63,12.92,12.56,12.76,9.6347288681,21229200.0,0.0,1.0
2003-03-31,12.95,13.05,12.58,12.58,9.49881576494,25014200.0,0.0,1.0
2003-03-28,13.37,13.64,13.17,13.23,9.98961308189,15657500.0,0.0,1.0
2003-03-27,13.33,13.67,13.33,13.5,10.1934827366,19567800.0,0.0,1.0
2003-03-26,13.7,13.99,13.61,13.71,10.3520480236,18984500.0,0.0,1.0
2003-03-25,13.42,13.75,13.31,13.61,10.2765407441,22496600.0,0.0,1.0
2003-03-24,13.71,13.9,13.41,13.56,10.2387871043,23587100.0,0.0,1.0
2003-03-21,14.58,14.59,14.0,14.23,10.7446858772,35615400.0,0.0,1.0
2003-03-20,13.49,14.24,13.28,13.91,10.5030625827,39906800.0,0.0,1.0
2003-03-19,13.51,13.69,13.24,13.54,10.2236856484,29170300.0,0.0,1.0
2003-03-18,13.2,13.56,12.95,13.54,10.2236856484,37182100.0,0.0,1.0
2003-03-17,12.17,13.34,12.17,13.13,9.91410580236,39011900.0,0.0,1.0
2003-03-14,12.75,12.95,12.18,12.37,9.34025047793,36422200.0,0.0,1.0
2003-03-13,12.08,12.66,11.83,12.66,9.55922158857,34183100.0,0.0,1.0
2003-03-12,11.52,11.81,11.33,11.75,8.87210534484,35453200.0,0.0,1.0
2003-03-11,11.64,11.75,11.51,11.61,8.7663951535,22585400.0,0.0,1.0
2003-03-10,11.73,11.84,11.58,11.6,8.75884442554,17701700.0,0.0,1.0
2003-03-07,11.86,12.05,11.69,11.96,9.03067063185,36323800.0,0.0,1.0
2003-03-06,12.11,12.25,12.0,12.05,9.09862718343,23601400.0,0.0,1.0
2003-03-05,12.38,12.39,12.04,12.24,9.24209101454,26555100.0,0.0,1.0
2003-03-04,12.6,12.66,12.21,12.25,9.24964174249,34579000.0,0.0,1.0
2003-03-03,13.08,13.24,12.54,12.64,9.54412013266,27053500.0,0.0,1.0
2003-02-28,12.6,13.01,12.5,12.98,9.80084488307,21524200.0,0.0,1.0
2003-02-27,12.5,12.75,12.31,12.58,9.49881576494,24747700.0,0.0,1.0
2003-02-26,12.54,12.86,12.3,12.32,9.30249683816,26343300.0,0.0,1.0
2003-02-25,12.53,12.76,12.28,12.65,9.55167086062,28613800.0,0.0,1.0
2003-02-24,12.73,13.03,12.6,12.82,9.68003323582,27336200.0,0.0,1.0
2003-02-21,12.93,12.93,12.42,12.8,9.66493177991,32937600.0,0.0,1.0
2003-02-20,12.5,12.89,12.36,12.78,9.64983032401,27948700.0,0.0,1.0
2003-02-19,12.53,13.53,12.21,12.41,9.37045338974,26717600.0,0.0,1.0
2003-02-18,12.6,12.8,12.5,12.74,9.61962741219,28719900.0,0.0,1.0
2003-02-14,11.79,12.42,11.78,12.4,9.36290266179,32737300.0,0.0,1.0
2003-02-13,11.81,11.84,11.49,11.81,8.91740971256,30948700.0,0.0,1.0
2003-02-12,11.61,12.11,11.58,11.82,8.92496044051,46302500.0,0.0,1.0
2003-02-11,12.15,12.17,11.75,11.94,9.01556917595,36012300.0,0.0,1.0
2003-02-10,11.85,12.24,11.55,12.05,9.09862718343,28078400.0,0.0,1.0
2003-02-07,12.22,12.27,11.73,11.81,8.91740971256,28002400.0,0.0,1.0
2003-02-06,11.83,12.23,11.83,12.0,9.06087354367,26724700.0,0.0,1.0
2003-02-05,12.41,12.7,11.99,12.02,9.07597499957,40014900.0,0.0,1.0
2003-02-04,11.8,12.21,11.78,12.18,9.19678664682,33460000.0,0.0,1.0
2003-02-03,11.98,12.32,11.81,12.02,9.07597499957,27950900.0,0.0,1.0
2003-01-31,12.98,12.98,11.25,11.97,9.03822135981,70229200.0,0.0,1.0
2003-01-30,13.69,13.7,12.91,12.95,9.77819269921,29359100.0,0.0,1.0
2003-01-29,13.39,13.52,13.01,13.24,9.99716380985,43916700.0,0.0,1.0
2003-01-28,13.39,13.52,13.01,13.24,9.99716380985,28980500.0,0.0,1.0
2003-01-27,12.95,13.49,12.65,13.28,10.0273667217,26006200.0,0.0,1.0
2003-01-24,13.77,13.79,13.19,13.27,10.0198159937,37527200.0,0.0,1.0
2003-01-23,14.38,14.6,13.91,14.06,10.616323502,40002000.0,0.0,1.0
2003-01-22,13.74,14.15,13.56,13.78,10.4049031193,39665000.0,0.0,1.0
2003-01-21,13.95,13.95,13.46,13.52,10.2085841925,33076400.0,0.0,1.0
2003-01-17,13.94,14.04,13.45,13.53,10.2161349205,40062500.0,0.0,1.0
2003-01-16,14.81,14.82,14.26,14.34,10.8277438847,31909400.0,0.0,1.0
2003-01-15,14.97,15.05,14.25,14.45,10.9108018922,58838000.0,0.0,1.0
2003-01-14,15.51,15.95,15.11,15.36,11.5979181359,38327700.0,0.0,1.0
2003-01-13,15.98,16.3,15.33,15.4,11.6281210477,39487600.0,0.0,1.0
2003-01-10,15.18,15.81,14.82,15.7,11.8546428863,38301900.0,0.0,1.0
2003-01-09,15.14,15.64,14.9,15.04,11.3562948414,39248800.0,0.0,1.0
2003-01-08,15.05,15.22,14.59,14.63,11.0467149953,28357100.0,0.0,1.0
2003-01-07,15.45,15.76,15.1,15.3,11.5526137682,36872700.0,0.0,1.0
2003-01-06,14.93,15.55,14.91,15.41,11.6356717757,35878200.0,0.0,1.0
2003-01-03,13.96,14.58,13.82,14.53,10.9712077158,30318200.0,0.0,1.0
2003-01-02,13.45,14.0,13.06,13.98,10.5559176784,25101200.0,0.0,1.0
2002-12-31,13.19,13.47,12.96,13.03,9.83859852283,20286900.0,0.0,1.0
2002-12-30,13.51,13.75,13.21,13.29,10.0349174496,16792800.0,0.0,1.0
2002-12-27,13.72,13.9,13.44,13.52,10.2085841925,13259300.0,0.0,1.0
2002-12-26,14.0,14.29,13.74,13.81,10.4275553032,18023300.0,0.0,1.0
2002-12-24,13.8,14.14,13.75,13.87,10.4728596709,10237300.0,0.0,1.0
2002-12-23,13.3,14.0,13.2,13.94,10.5257147666,20714300.0,0.0,1.0
2002-12-20,13.71,13.91,13.22,13.31,10.0500189055,30064900.0,0.0,1.0
2002-12-19,13.23,13.67,12.97,13.53,10.2161349205,33477000.0,0.0,1.0
2002-12-18,13.52,13.55,13.15,13.26,10.0122652658,28477900.0,0.0,1.0
2002-12-17,14.41,14.68,13.78,13.86,10.4653089429,34415800.0,0.0,1.0
2002-12-16,13.73,14.55,13.5,14.46,10.9183526201,32705400.0,0.0,1.0
2002-12-13,14.18,14.18,13.53,13.56,10.2387871043,29489800.0,0.0,1.0
2002-12-12,14.73,14.82,14.16,14.36,10.8428453406,26468900.0,0.0,1.0
2002-12-11,14.49,14.91,14.21,14.57,11.0014106276,31262800.0,0.0,1.0
2002-12-10,13.96,14.88,13.88,14.77,11.1524251867,35896000.0,0.0,1.0
2002-12-09,14.65,14.89,13.69,13.7,10.3444972957,33066500.0,0.0,1.0
2002-12-06,14.71,15.1,14.46,14.89,11.2430339221,29183100.0,0.0,1.0
2002-12-05,15.56,15.6,14.62,14.89,11.2430339221,28289900.0,0.0,1.0
2002-12-04,15.11,15.52,14.93,15.11,11.4091499371,41122100.0,0.0,1.0
2002-12-03,16.61,16.63,15.92,15.97,12.058512541,21760700.0,0.0,1.0
2002-12-02,17.68,17.91,16.7,16.79,12.6776722332,30278200.0,0.0,1.0
2002-11-29,17.62,17.77,17.03,17.05,12.87399116,12419700.0,0.0,1.0
2002-11-27,16.98,17.71,16.86,17.49,13.2062231899,27963700.0,0.0,1.0
2002-11-26,16.95,17.0,16.46,16.56,12.5040054903,25403200.0,0.0,1.0
2002-11-25,16.87,17.25,16.75,17.03,12.8588897041,35583100.0,0.0,1.0
2002-11-22,16.48,17.05,16.41,16.85,12.7229766009,33768600.0,0.0,1.0
2002-11-21,16.39,17.28,16.1,17.0,12.8362375202,49906300.0,0.0,1.0
2002-11-20,15.26,16.1,15.15,15.86,11.9754545335,38011600.0,0.0,1.0
2002-11-19,15.27,15.58,14.9,15.07,11.3789470253,27799800.0,0.0,1.0
2002-11-18,16.26,16.26,15.23,15.33,11.575265952,28631600.0,0.0,1.0
2002-11-15,15.46,15.95,15.05,15.83,11.9528023497,32150500.0,0.0,1.0
2002-11-14,14.98,15.79,14.61,15.76,11.899947254,56155800.0,0.0,1.0
2002-11-13,14.9,15.19,14.26,14.7,11.099570091,61030900.0,0.0,1.0
2002-11-12,14.74,15.54,14.51,15.07,11.3789470253,28663700.0,0.0,1.0
2002-11-11,15.67,15.69,14.53,14.57,11.0014106276,27234600.0,0.0,1.0
2002-11-08,15.88,16.19,15.1,15.72,11.8697443422,33097600.0,0.0,1.0
2002-11-07,16.22,16.45,15.59,15.71,11.8621936143,32896600.0,0.0,1.0
2002-11-06,15.92,16.87,15.89,16.85,12.7229766009,36410700.0,0.0,1.0
2002-11-05,15.89,16.37,15.31,15.81,11.9377008938,43155200.0,0.0,1.0
2002-11-04,16.31,17.1,16.0,16.45,12.4209474828,45582100.0,0.0,1.0
2002-11-01,14.9,15.95,14.77,15.72,11.8697443422,38627100.0,0.0,1.0
2002-10-31,15.42,15.79,14.7,15.03,11.3487441134,40681100.0,0.0,1.0
2002-10-30,14.51,15.53,14.34,15.32,11.5677152241,38656800.0,0.0,1.0
2002-10-29,14.98,15.09,13.76,14.35,10.8352946126,36883200.0,0.0,1.0
2002-10-28,15.05,15.79,14.95,15.12,11.416700665,51277400.0,0.0,1.0
2002-10-25,13.75,14.56,13.65,14.51,10.9561062599,26555900.0,0.0,1.0
2002-10-24,14.58,14.89,13.56,13.57,10.2463378323,45952000.0,0.0,1.0
2002-10-23,12.77,14.44,12.76,14.41,10.8805989804,47343600.0,0.0,1.0
2002-10-22,13.15,13.73,12.9,13.09,9.88390289055,34548300.0,0.0,1.0
2002-10-21,13.19,14.12,13.09,14.04,10.6012220461,27054300.0,0.0,1.0
2002-10-18,12.55,13.47,12.43,13.44,10.1481783689,30292600.0,0.0,1.0
2002-10-17,12.88,13.01,12.33,12.98,9.80084488307,33599400.0,0.0,1.0
2002-10-16,11.85,12.25,11.85,11.98,9.04577208776,29076900.0,0.0,1.0
2002-10-15,12.99,13.09,11.14,13.05,9.85369997874,34760700.0,0.0,1.0
2002-10-14,11.9,12.1,11.75,12.0,9.06087354367,20155400.0,0.0,1.0
2002-10-11,11.59,12.24,11.48,12.07,9.11372863934,34194300.0,0.0,1.0
2002-10-10,10.48,11.32,10.35,11.11,8.38885875584,30742200.0,0.0,1.0
2002-10-09,10.35,11.03,10.26,10.41,7.86030779913,44673900.0,0.0,1.0
2002-10-08,11.06,11.08,10.35,10.35,7.81500343141,45342100.0,0.0,1.0
2002-10-07,11.21,11.36,10.8,10.87,8.20764128497,26546500.0,0.0,1.0
2002-10-04,11.75,11.83,11.21,11.33,8.55497477081,30360900.0,0.0,1.0
2002-10-03,12.25,12.42,11.5,11.5,8.68333714601,31659700.0,0.0,1.0
2002-10-02,12.01,12.89,11.99,12.5,9.43840994132,34519400.0,0.0,1.0
2002-10-01,11.75,12.25,11.39,12.21,9.21943883068,33542500.0,0.0,1.0
2002-09-30,11.62,12.03,11.32,11.55,8.72109078578,33296200.0,0.0,1.0
2002-09-27,11.57,12.57,11.52,11.82,8.92496044051,38199800.0,0.0,1.0
2002-09-26,12.45,12.49,11.5,11.74,8.86455461689,37775500.0,0.0,1.0
2002-09-25,12.0,12.53,11.62,12.29,9.27984465431,39149700.0,0.0,1.0
2002-09-24,10.83,11.89,10.73,11.73,8.85700388893,45872300.0,0.0,1.0
2002-09-23,11.69,11.89,11.0,11.2,8.45681530742,36834100.0,0.0,1.0
2002-09-20,12.18,12.22,11.79,11.94,9.01556917595,35078900.0,0.0,1.0
2002-09-19,12.0,12.4,11.93,11.98,9.04577208776,34755500.0,0.0,1.0
2002-09-18,12.01,12.49,12.0,12.22,9.22698955863,30373600.0,0.0,1.0
2002-09-17,13.13,13.3,12.09,12.2,9.21188810273,46396500.0,0.0,1.0
2002-09-16,12.92,13.28,12.52,12.67,9.56677231652,28559400.0,0.0,1.0
2002-09-13,12.61,13.17,12.5,13.03,9.83859852283,31651600.0,0.0,1.0
2002-09-12,13.35,13.4,12.72,12.74,9.61962741219,24801800.0,0.0,1.0
2002-09-11,13.74,14.25,13.6,13.69,10.3369465677,22894600.0,0.0,1.0
2002-09-10,12.9,13.65,12.82,13.47,10.1708305528,28155900.0,0.0,1.0
2002-09-09,12.76,12.88,12.28,12.69,9.58187377243,23957200.0,0.0,1.0
2002-09-06,12.78,13.17,12.74,12.94,9.77064197125,28904700.0,0.0,1.0
2002-09-05,12.47,12.57,12.0,12.07,9.11372863934,30491900.0,0.0,1.0
2002-09-04,13.12,13.18,12.23,12.7,9.58942450038,41018900.0,0.0,1.0
2002-09-03,13.15,13.29,12.91,12.99,9.80839561102,26967200.0,0.0,1.0
2002-08-30,13.1,13.75,13.05,13.36,10.0877725453,22279300.0,0.0,1.0
2002-08-29,13.04,13.78,13.0,13.44,10.1481783689,24756300.0,0.0,1.0
2002-08-28,13.66,13.98,13.2,13.25,10.0047145378,25837300.0,0.0,1.0
2002-08-27,14.91,14.96,13.88,13.93,10.5181640386,30406000.0,0.0,1.0
2002-08-26,15.15,15.18,14.52,14.96,11.2958890178,24736100.0,0.0,1.0
2002-08-23,15.7,15.85,15.05,15.08,11.3864977532,26542300.0,0.0,1.0
2002-08-22,15.83,16.66,15.76,16.17,12.2095271001,31542100.0,0.0,1.0
2002-08-21,15.43,16.05,15.17,16.04,12.1113676367,30108500.0,0.0,1.0
2002-08-20,15.14,15.44,14.81,15.03,11.3487441134,28785500.0,0.0,1.0
2002-08-19,14.56,15.77,14.51,15.47,11.6809761434,28118900.0,0.0,1.0
2002-08-16,13.49,15.0,13.48,14.7,11.099570091,32968800.0,0.0,1.0
2002-08-15,14.43,14.75,13.45,13.86,10.4653089429,32965400.0,0.0,1.0
2002-08-14,13.11,14.47,12.9,14.42,10.8881497083,45063900.0,0.0,1.0
2002-08-13,13.65,14.22,13.25,13.46,10.1632798248,35503600.0,0.0,1.0
2002-08-12,13.33,13.75,13.15,13.58,10.2538885602,20844900.0,0.0,1.0
2002-08-09,13.98,14.2,13.6,13.86,10.4653089429,24939500.0,0.0,1.0
2002-08-08,13.43,14.37,13.08,14.35,10.8352946126,31963400.0,0.0,1.0
2002-08-07,14.07,14.33,12.76,13.56,10.2387871043,29831800.0,0.0,1.0
2002-08-06,13.0,14.08,13.0,13.56,10.2387871043,29631000.0,0.0,1.0
2002-08-05,13.53,13.75,12.58,12.76,9.6347288681,26529000.0,0.0,1.0
2002-08-02,13.85,14.01,13.14,13.7,10.3444972957,34426500.0,0.0,1.0
2002-08-01,14.93,15.04,13.9,14.02,10.5861205902,32102000.0,0.0,1.0
2002-07-31,15.35,15.5,14.68,14.87,11.2279324662,27523300.0,0.0,1.0
2002-07-30,14.84,15.82,14.8,15.7,11.8546428863,29819700.0,0.0,1.0
2002-07-29,14.94,15.34,14.46,15.1,11.4015992091,37582700.0,0.0,1.0
2002-07-26,15.07,15.08,13.74,14.32,10.8126424288,49531400.0,0.0,1.0
2002-07-25,15.39,15.54,13.55,14.23,10.7446858772,83413600.0,0.0,1.0
2002-07-24,15.12,16.57,15.04,16.55,12.4964547623,42787400.0,0.0,1.0
2002-07-23,16.54,16.94,15.5,15.58,11.7640341509,39553200.0,0.0,1.0
2002-07-22,17.0,17.48,16.5,16.83,12.707875145,33317600.0,0.0,1.0
2002-07-19,16.7,17.6,16.64,16.8,12.6852229611,27156600.0,0.0,1.0
2002-07-18,17.96,18.29,17.03,17.15,12.9494984395,29983200.0,0.0,1.0
2002-07-17,19.36,19.71,17.5,17.99,13.5837595875,47450700.0,0.0,1.0
2002-07-16,19.09,19.98,18.25,18.4,13.8933394336,35014800.0,0.0,1.0
2002-07-15,18.13,19.45,17.8,19.4,14.6484122289,32897400.0,0.0,1.0
2002-07-12,18.88,19.0,17.96,18.48,13.9537452572,31867100.0,0.0,1.0
2002-07-11,16.62,18.52,16.34,18.23,13.7649770584,46685300.0,0.0,1.0
2002-07-10,18.24,18.25,16.6,16.67,12.5870634977,31625000.0,0.0,1.0
2002-07-09,18.1,18.24,17.5,17.72,13.3798899328,32862400.0,0.0,1.0
2002-07-08,19.73,20.06,18.55,19.0,14.3463831108,27396600.0,0.0,1.0
2002-07-05,18.85,19.95,18.84,19.93,15.0486008104,21961900.0,0.0,1.0
2002-07-03,16.72,18.17,16.67,17.99,13.5837595875,29506600.0,0.0,1.0
2002-07-02,17.89,17.9,16.92,16.97,12.8135853363,46063200.0,0.0,1.0
2002-07-01,18.95,19.2,17.94,18.03,13.6139624994,31204900.0,0.0,1.0
2002-06-28,19.6,20.25,18.92,19.02,14.3614845667,36771500.0,0.0,1.0
2002-06-27,19.66,20.15,19.03,19.96,15.0712529943,38681900.0,0.0,1.0
2002-06-26,18.69,19.47,18.09,18.99,14.3388323829,43577600.0,0.0,1.0
2002-06-25,20.38,20.68,19.05,19.8,14.9504413471,39955700.0,0.0,1.0
2002-06-24,18.41,20.2,18.41,19.87,15.0032964427,33447800.0,0.0,1.0
2002-06-21,18.49,19.44,18.49,18.76,14.1651656399,28178300.0,0.0,1.0
2002-06-20,19.85,20.14,18.85,19.19,14.4898469419,30253600.0,0.0,1.0
2002-06-19,20.04,20.5,19.51,19.69,14.8673833396,27575800.0,0.0,1.0
2002-06-18,20.75,21.73,20.44,20.46,15.448789392,30528000.0,0.0,1.0
2002-06-17,20.31,21.33,20.15,21.04,15.8867316132,24591200.0,0.0,1.0
2002-06-14,19.35,20.1,18.94,19.83,14.9730935309,29897000.0,0.0,1.0
2002-06-13,20.51,21.25,19.94,20.38,15.3883835683,27326700.0,0.0,1.0
2002-06-12,19.56,20.79,19.38,20.7,15.6300068628,33568300.0,0.0,1.0
2002-06-11,20.99,21.0,19.54,19.59,14.79187606,21784100.0,0.0,1.0
2002-06-10,20.69,21.16,20.1,20.46,15.448789392,17277100.0,0.0,1.0
2002-06-07,19.36,23.0,19.25,20.62,15.5696010392,42218500.0,0.0,1.0
2002-06-06,21.84,22.15,20.7,20.92,15.7961228778,31490800.0,0.0,1.0
2002-06-05,22.1,22.62,21.72,22.35,16.8758769751,29018600.0,0.0,1.0
2002-06-04,21.32,22.19,20.7,22.0,16.6116014967,36390900.0,0.0,1.0
2002-06-03,22.2,22.34,21.3,21.43,16.1812100034,25103800.0,0.0,1.0
2002-05-31,23.0,23.2,22.1,22.18,16.7475145999,23504300.0,0.0,1.0
2002-05-30,22.7,22.83,21.81,22.59,17.057094446,38167000.0,0.0,1.0
2002-05-29,23.52,23.75,23.08,23.1,17.4421815716,23226300.0,0.0,1.0
2002-05-28,24.14,24.36,23.63,24.12,18.2123558228,22581800.0,0.0,1.0
2002-05-24,23.99,24.16,23.35,23.8,17.9707325283,42587100.0,0.0,1.0
2002-05-23,26.32,26.38,24.76,25.57,19.307211376,30004900.0,0.0,1.0
2002-05-22,25.99,26.72,25.2,26.16,19.7527043252,27992600.0,0.0,1.0
2002-05-21,27.02,27.35,26.0,26.31,19.8659652445,23222200.0,0.0,1.0
2002-05-20,26.59,27.18,26.5,26.78,20.2208494583,19760400.0,0.0,1.0
2002-05-17,27.15,27.5,26.37,27.31,20.6210380398,37679600.0,0.0,1.0
2002-05-16,26.52,27.19,26.03,27.13,20.4851249366,29150000.0,0.0,1.0
2002-05-15,26.49,27.5,25.7,26.75,20.1981972744,52615900.0,0.0,1.0
2002-05-14,27.0,27.72,26.25,26.64,20.1151392669,46340900.0,0.0,1.0
2002-05-13,24.65,25.7,24.17,25.58,19.3147621039,32640000.0,0.0,1.0
2002-05-10,25.69,25.7,23.44,23.7,17.8952252487,30757100.0,0.0,1.0
2002-05-09,25.14,26.13,25.0,25.26,19.0731388094,35306000.0,0.0,1.0
2002-05-08,23.9,25.78,23.85,25.56,19.299660648,36714100.0,0.0,1.0
2002-05-07,22.47,22.93,21.81,22.32,16.8532247912,24878100.0,0.0,1.0
2002-05-06,22.12,23.33,22.1,22.12,16.7022102322,21825200.0,0.0,1.0
2002-05-03,22.89,22.9,21.65,22.17,16.7399638719,31087500.0,0.0,1.0
2002-05-02,24.57,25.07,22.5,22.87,17.2685148286,34764400.0,0.0,1.0
2002-05-01,24.25,24.81,23.51,24.4,18.4237762055,25109000.0,0.0,1.0
2002-04-30,24.0,25.18,23.8,24.32,18.3633703818,24989600.0,0.0,1.0
2002-04-29,24.15,24.5,23.37,23.94,18.0764427196,25770600.0,0.0,1.0
2002-04-26,25.53,25.69,23.56,23.77,17.9480803444,29180700.0,0.0,1.0
2002-04-25,24.63,25.64,24.37,25.23,19.0504866256,28004900.0,0.0,1.0
2002-04-24,26.09,26.47,24.68,25.0,18.8768198826,22705100.0,0.0,1.0
2002-04-23,26.49,26.49,25.62,25.9,19.5563853984,24110000.0,0.0,1.0
2002-04-22,26.25,26.43,25.5,26.06,19.6771970457,16945900.0,0.0,1.0
2002-04-19,27.0,27.09,26.0,26.48,19.9943276197,23107600.0,0.0,1.0
2002-04-18,27.08,27.19,25.8,26.71,20.1679943626,29809500.0,0.0,1.0
2002-04-17,27.47,27.86,26.86,27.3,20.6134873118,11364900.0,0.0,2.0
2002-04-16,53.59,54.34,53.5,54.16,20.4473712969,19010900.0,0.0,1.0
2002-04-15,50.85,51.97,50.45,51.44,19.4204722953,16934200.0,0.0,1.0
2002-04-12,50.99,51.18,49.55,50.6,19.1033417212,16465400.0,0.0,1.0
2002-04-11,50.41,51.78,50.07,50.43,19.0391605336,19826600.0,0.0,1.0
2002-04-10,51.73,51.81,49.49,51.01,19.2581316443,24172700.0,0.0,1.0
2002-04-09,52.95,53.84,51.0,51.36,19.3902693834,17989700.0,0.0,1.0
2002-04-08,51.0,53.1,50.16,53.03,20.0207551675,22095400.0,0.0,1.0
2002-04-05,54.78,54.91,52.21,52.4,19.782907237,15820200.0,0.0,1.0
2002-04-04,52.97,54.6,52.62,54.1,20.424719113,17899100.0,0.0,1.0
2002-04-03,53.78,54.55,52.55,53.19,20.0811609912,18552400.0,0.0,1.0
2002-04-02,54.55,54.69,53.93,54.03,20.3982915652,15998200.0,0.0,1.0
2002-04-01,55.9,55.9,53.28,55.52,20.9608207977,17360400.0,0.0,1.0
2002-03-28,53.22,54.4,53.21,54.27,20.4889003006,17926400.0,0.0,1.0
2002-03-27,52.19,52.4,51.3,51.97,19.620566586,12670000.0,0.0,1.0
2002-03-26,50.97,52.94,50.37,52.35,19.7640304171,18381900.0,0.0,1.0
2002-03-25,52.35,52.98,51.19,51.28,19.3600664716,17922400.0,0.0,1.0
2002-03-22,53.0,53.4,51.52,51.53,19.454450571,18087000.0,0.0,1.0
2002-03-21,52.33,52.33,50.66,52.02,19.6394434059,12754200.0,0.0,1.0
2002-03-20,51.67,52.09,50.96,51.0,19.2543562803,12814500.0,0.0,1.0
2002-03-19,52.32,52.85,51.68,52.57,19.8470884246,12869000.0,0.0,1.0
2002-03-18,51.85,52.72,51.1,51.82,19.5639361264,21404100.0,0.0,1.0
2002-03-15,50.1,50.76,48.81,50.72,19.1486460889,14808800.0,0.0,1.0
2002-03-14,50.34,50.34,49.25,49.29,18.6087690403,15433500.0,0.0,1.0
2002-03-13,49.25,50.34,48.73,49.49,18.6842763198,20209000.0,0.0,1.0
2002-03-12,50.81,50.81,49.76,50.66,19.1259939051,17737600.0,0.0,1.0
2002-03-11,52.56,53.34,51.06,51.79,19.5526100344,19642000.0,0.0,1.0
2002-03-08,52.51,54.39,52.4,53.53,20.2095233664,24227900.0,0.0,1.0
2002-03-07,51.48,52.05,50.15,51.36,19.3902693834,21041300.0,0.0,1.0
2002-03-06,50.4,51.13,49.1,50.54,19.0806895374,17657800.0,0.0,1.0
2002-03-05,49.58,51.73,49.52,50.97,19.2430301884,22646500.0,0.0,1.0
2002-03-04,47.8,50.57,47.7,50.06,18.8994720665,27981100.0,0.0,1.0
2002-03-01,44.56,48.0,44.5,47.98,18.1141963594,26547500.0,0.0,1.0
2002-02-28,44.25,45.22,43.39,43.47,16.411507206,19272900.0,0.0,1.0
2002-02-27,44.99,45.98,43.96,44.27,16.7135363241,17708300.0,0.0,1.0
2002-02-26,44.95,45.44,43.72,44.57,16.8267972434,16094800.0,0.0,1.0
2002-02-25,42.85,45.53,42.8,44.93,16.9627103465,20311100.0,0.0,1.0
2002-02-22,43.48,44.2,41.85,42.48,16.0377461723,24408200.0,0.0,1.0
2002-02-21,45.93,46.0,42.96,43.27,16.3359999264,26926800.0,0.0,1.0
2002-02-20,46.6,46.6,44.9,46.57,17.5818700387,20980000.0,0.0,1.0
2002-02-19,46.45,46.77,45.3,45.8,17.2911670125,19939400.0,0.0,1.0
2002-02-15,47.85,47.85,46.71,47.2,17.8197179692,16509000.0,0.0,1.0
2002-02-14,47.67,48.65,46.77,47.32,17.8650223369,23128500.0,0.0,1.0
2002-02-13,45.34,48.02,45.27,47.96,18.1066456314,39570500.0,0.0,1.0
2002-02-12,44.91,45.97,44.41,44.71,16.8796523391,23523900.0,0.0,1.0
2002-02-11,43.81,45.75,43.72,45.68,17.2458626448,20640800.0,0.0,1.0
2002-02-08,42.41,43.26,41.43,43.08,16.2642680109,22991300.0,0.0,1.0
2002-02-07,44.3,44.94,41.82,41.82,15.7885721498,20522800.0,0.0,1.0
2002-02-06,45.09,45.09,43.26,44.65,16.8570001552,16145000.0,0.0,1.0
2002-02-05,43.54,45.2,43.52,44.44,16.7777175117,19934600.0,0.0,1.0
2002-02-04,43.85,44.7,43.52,43.98,16.6040507688,25229100.0,0.0,1.0
2002-02-01,44.09,44.09,42.26,42.95,16.2151882792,16594000.0,0.0,1.0
2002-01-31,43.61,44.0,42.66,43.65,16.4794637575,15379900.0,0.0,1.0
2002-01-30,41.51,43.2,41.0,43.16,16.2944709227,19585500.0,0.0,1.0
2002-01-29,42.39,43.33,40.93,41.31,15.596028587,15666500.0,0.0,1.0
2002-01-28,42.54,43.49,41.85,42.89,16.1925360953,16202400.0,0.0,1.0
2002-01-25,40.19,42.4,40.04,42.14,15.9093837971,13068200.0,0.0,1.0
2002-01-24,41.41,42.44,39.97,40.03,15.112781998,18946000.0,0.0,1.0
2002-01-23,41.73,41.73,40.29,41.24,15.5696010392,17335200.0,0.0,1.0
2002-01-22,40.85,40.85,39.0,39.49,14.9089123433,17259300.0,0.0,1.0
2002-01-18,40.04,41.1,39.92,40.35,15.2335936453,15591900.0,0.0,1.0
2002-01-17,42.31,42.38,40.01,41.6,15.7055141424,26274200.0,0.0,1.0
2002-01-16,42.54,42.64,41.5,41.55,15.6866373225,32402200.0,0.0,1.0
2002-01-15,45.38,46.29,42.81,45.61,17.2194350969,20262900.0,0.0,1.0
2002-01-14,44.74,46.69,44.65,45.31,17.1061741776,19176100.0,0.0,1.0
2002-01-11,46.21,46.8,44.67,45.01,16.9929132584,14658300.0,0.0,1.0
2002-01-10,46.31,46.86,45.3,45.99,17.3628989281,13634800.0,0.0,1.0
2002-01-09,46.56,48.0,46.2,46.68,17.6233990424,19914100.0,0.0,1.0
2002-01-08,44.95,46.32,44.5,45.78,17.2836162845,13158100.0,0.0,1.0
2002-01-07,45.79,46.37,44.62,44.74,16.890978431,12661800.0,0.0,1.0
2002-01-04,45.75,46.24,44.45,45.22,17.0721959019,14699200.0,0.0,1.0
2002-01-03,45.86,45.86,41.83,45.49,17.1741307292,22333800.0,0.0,1.0
2002-01-02,40.85,41.68,40.23,41.67,15.7319416902,9640800.0,0.0,1.0
2001-12-31,41.61,41.93,40.1,40.1,15.1392095459,7265900.0,0.0,1.0
2001-12-28,41.44,42.0,41.2,41.81,15.7847967859,6321800.0,0.0,1.0
2001-12-27,40.76,41.39,40.69,41.02,15.4865430317,5077700.0,0.0,1.0
2001-12-26,40.13,41.5,40.13,40.52,15.2977748329,5440700.0,0.0,1.0
2001-12-24,39.99,40.35,39.99,40.12,15.1467602738,2553900.0,0.0,1.0
2001-12-21,40.6,40.67,39.83,39.97,15.0901298142,14431300.0,0.0,1.0
2001-12-20,41.0,41.45,39.25,39.56,14.9353398911,15470300.0,0.0,1.0
2001-12-19,42.0,42.4,41.22,41.37,15.6186807709,14294800.0,0.0,1.0
2001-12-18,43.55,43.9,42.43,42.75,16.1396809997,12585700.0,0.0,1.0
2001-12-17,42.12,43.78,42.1,43.2,16.3095723786,13272100.0,0.0,1.0
2001-12-14,41.17,42.88,40.76,42.32,15.9773403487,15430900.0,0.0,1.0
2001-12-13,42.98,43.14,41.06,41.08,15.5091952156,19792200.0,0.0,1.0
2001-12-12,44.37,45.07,43.05,44.87,16.9400581627,20278500.0,0.0,1.0
2001-12-11,44.2,45.35,43.5,43.94,16.5889493129,15901800.0,0.0,1.0
2001-12-10,43.88,45.4,43.32,43.57,16.4492608457,15552900.0,0.0,1.0
2001-12-07,45.95,45.95,43.51,44.45,16.7814928757,16622400.0,0.0,1.0
2001-12-06,46.27,46.27,44.87,45.48,17.1703553652,18637400.0,0.0,1.0
2001-12-05,43.06,46.58,43.0,45.91,17.3326960162,28640200.0,0.0,1.0
2001-12-04,40.24,42.5,39.37,42.43,16.0188693524,18368100.0,0.0,1.0
2001-12-03,40.38,40.38,38.82,39.27,14.8258543358,13448400.0,0.0,1.0
2001-11-30,40.03,40.29,39.4,39.74,15.0032964427,18161500.0,0.0,1.0
2001-11-29,40.04,41.65,39.53,41.45,15.6488836827,17315500.0,0.0,1.0
2001-11-28,42.14,42.14,40.0,40.05,15.120332726,18269600.0,0.0,1.0
2001-11-27,39.97,43.1,39.62,41.97,15.8452026095,28477500.0,0.0,1.0
2001-11-26,38.51,40.53,38.42,40.06,15.12410809,15946000.0,0.0,1.0
2001-11-23,38.85,38.85,37.3,38.76,14.633310773,5185600.0,0.0,1.0
2001-11-21,38.27,38.27,36.45,37.99,14.3426077468,13038500.0,0.0,1.0
2001-11-20,38.3,38.33,36.6,36.65,13.836708974,15202700.0,0.0,1.0
2001-11-19,39.65,39.65,37.92,38.84,14.6635136848,16584700.0,0.0,1.0
2001-11-16,39.39,39.85,39.01,39.26,14.8220789718,14187700.0,0.0,1.0
2001-11-15,38.5,40.16,38.34,39.09,14.7578977842,35081800.0,0.0,1.0
2001-11-14,41.36,42.18,39.4,40.71,15.3695067484,22021800.0,0.0,1.0
2001-11-13,40.27,40.89,39.73,40.8,15.4034850242,17510500.0,0.0,1.0
2001-11-12,38.25,39.57,36.58,38.96,14.7088180526,18622600.0,0.0,1.0
2001-11-09,38.33,39.47,37.99,38.57,14.5615788575,15285400.0,0.0,1.0
2001-11-08,40.03,41.35,37.95,38.4,14.4973976699,23243200.0,0.0,1.0
2001-11-07,40.9,40.9,39.15,39.34,14.8522818837,16259700.0,0.0,1.0
2001-11-06,38.2,39.95,37.87,39.92,15.0712529943,17087200.0,0.0,1.0
2001-11-05,38.36,39.51,37.95,38.46,14.5200498537,14623100.0,0.0,1.0
2001-11-02,37.05,38.25,36.13,37.97,14.3350570189,21419700.0,0.0,1.0
2001-11-01,35.01,37.05,33.72,36.99,13.9650713492,19246400.0,0.0,1.0
2001-10-31,33.7,35.5,33.5,34.11,12.8777665239,15350700.0,0.0,1.0
2001-10-30,34.65,34.65,32.75,33.25,12.553085222,15696500.0,0.0,1.0
2001-10-29,36.8,36.83,34.49,34.51,13.028781083,12692400.0,0.0,1.0
2001-10-26,37.05,38.0,36.24,36.87,13.9197669815,18013600.0,0.0,1.0
2001-10-25,34.91,37.9,33.62,37.43,14.1311873641,21211700.0,0.0,1.0
2001-10-24,33.8,35.66,33.25,35.34,13.342136293,17224100.0,0.0,1.0
2001-10-23,34.95,35.63,33.52,33.87,12.7871577885,20828900.0,0.0,1.0
2001-10-22,31.95,34.8,31.7,34.77,13.1269405464,20781600.0,0.0,1.0
2001-10-19,31.2,32.95,30.76,32.55,12.2888097436,13629800.0,0.0,1.0
2001-10-18,31.99,32.84,31.0,31.6,11.9301501658,15112200.0,0.0,1.0
2001-10-17,35.4,35.45,32.03,32.14,12.1340198206,19234700.0,0.0,1.0
2001-10-16,33.06,34.47,32.75,34.45,13.0061288991,15760200.0,0.0,1.0
2001-10-15,33.66,34.1,32.75,33.64,12.700324417,15476400.0,0.0,1.0
2001-10-12,34.8,35.65,33.0,35.16,13.2741797415,18461700.0,0.0,1.0
2001-10-11,32.81,36.01,32.76,35.86,13.5384552198,23550200.0,0.0,1.0
2001-10-10,30.26,32.47,30.0,32.41,12.2359546479,18942800.0,0.0,1.0
2001-10-09,33.14,33.3,31.0,31.15,11.7602587869,18146900.0,0.0,1.0
2001-10-08,33.91,33.91,30.8,33.86,12.7833824245,17939800.0,0.0,1.0
2001-10-05,32.03,32.03,29.4,31.55,11.9112733459,15356400.0,0.0,1.0
2001-10-04,32.7,32.7,30.05,30.99,11.6998529633,22314500.0,0.0,1.0
2001-10-03,30.65,30.65,26.59,30.34,11.4544543048,28252600.0,0.0,1.0
2001-10-02,28.15,28.5,27.01,27.5,10.3822509355,17552800.0,0.0,1.0
2001-10-01,28.61,29.07,27.69,28.42,10.7295844213,19035200.0,0.0,1.0
2001-09-28,28.37,29.17,27.42,28.44,10.7371351492,20230700.0,0.0,1.0
2001-09-27,29.05,29.25,27.05,27.87,10.5219394026,17594300.0,0.0,1.0
2001-09-26,30.87,31.23,28.82,29.13,10.9976352636,16669300.0,0.0,1.0
2001-09-25,29.4,31.19,29.05,30.55,11.5337369483,21793900.0,0.0,1.0
2001-09-24,30.18,30.64,28.94,29.34,11.0769179071,23165600.0,0.0,1.0
2001-09-21,29.54,29.54,27.25,29.24,11.0391642674,28781500.0,0.0,1.0
2001-09-20,31.64,31.64,29.23,29.49,11.1335483668,29010900.0,0.0,1.0
2001-09-19,33.92,33.92,28.41,31.12,11.748932695,39823200.0,0.0,1.0
2001-09-18,37.05,37.08,33.11,33.12,12.5040054903,24440600.0,0.0,1.0
2001-09-17,37.02,38.53,36.05,36.65,13.836708974,23074000.0,0.0,1.0
2001-09-10,40.13,41.05,39.49,40.03,15.112781998,20423300.0,0.0,1.0
2001-09-07,39.97,41.86,39.96,40.28,15.2071660975,22404900.0,0.0,1.0
2001-09-06,40.99,41.62,39.97,40.2,15.1769631856,21316100.0,0.0,1.0
2001-09-05,42.05,43.06,40.3,42.07,15.8829562493,22781600.0,0.0,1.0
2001-09-04,42.72,44.45,41.8,41.93,15.8301011536,14498400.0,0.0,1.0
2001-08-31,42.2,43.55,41.8,43.09,16.2680433749,12489300.0,0.0,1.0
2001-08-30,43.26,44.15,42.25,43.1,16.2718187388,11874900.0,0.0,1.0
2001-08-29,45.53,45.68,43.3,43.76,16.5209927613,12768100.0,0.0,1.0
2001-08-28,47.17,47.45,45.21,45.22,17.0721959019,12487100.0,0.0,1.0
2001-08-27,46.83,48.16,46.51,47.25,17.8385947891,10570600.0,0.0,1.0
2001-08-24,44.84,47.28,44.65,46.89,17.7026816859,13468800.0,0.0,1.0
2001-08-23,43.67,44.91,43.5,44.13,16.6606812284,11572000.0,0.0,1.0
2001-08-22,43.11,44.2,42.2,43.9,16.573847857,14319000.0,0.0,1.0
2001-08-21,43.38,44.04,42.0,42.01,15.8603040654,11531100.0,0.0,1.0
2001-08-20,42.8,44.2,42.7,43.24,16.3246738345,11132200.0,0.0,1.0
2001-08-17,43.5,44.15,42.5,42.57,16.0717244481,11479100.0,0.0,1.0
2001-08-16,43.01,44.74,42.54,44.7,16.8758769751,14174000.0,0.0,1.0
2001-08-15,44.6,45.07,43.63,43.74,16.5134420333,18733100.0,0.0,1.0
2001-08-14,45.07,45.4,43.6,43.65,16.4794637575,13419100.0,0.0,1.0
2001-08-13,44.85,45.22,43.64,44.84,16.9287320708,11629200.0,0.0,1.0
2001-08-10,44.86,45.35,43.35,44.48,16.7928189676,15208800.0,0.0,1.0
2001-08-09,44.69,45.56,43.73,44.85,16.9325074347,13010800.0,0.0,1.0
2001-08-08,46.6,47.64,44.45,44.74,16.890978431,13275600.0,0.0,1.0
2001-08-07,47.37,47.4,46.05,46.8,17.6687034102,13636300.0,0.0,1.0
2001-08-06,48.7,49.0,48.2,48.73,18.3973486576,7725000.0,0.0,1.0
2001-08-03,49.67,50.01,49.15,49.6,18.7258053236,10923900.0,0.0,1.0
2001-08-02,49.19,50.25,48.83,50.0,18.8768198826,18983200.0,0.0,1.0
2001-08-01,47.61,48.95,47.17,48.3,18.2350080066,19933000.0,0.0,1.0
2001-07-31,46.89,47.48,45.74,45.86,17.3138191964,14320400.0,0.0,1.0
2001-07-30,46.79,47.35,45.98,46.59,17.5894207666,11473500.0,0.0,1.0
2001-07-27,45.65,47.23,45.45,46.26,17.4648337554,15090400.0,0.0,1.0
2001-07-26,43.4,45.97,42.6,45.18,17.057094446,15447400.0,0.0,1.0
2001-07-25,43.15,43.84,42.0,43.78,16.5285434892,12700400.0,0.0,1.0
2001-07-24,43.31,44.4,42.08,42.95,16.2151882792,11795300.0,0.0,1.0
2001-07-23,44.89,45.07,43.5,43.58,16.4530362097,9393500.0,0.0,1.0
2001-07-20,44.49,45.15,43.75,45.05,17.0080147143,11975400.0,0.0,1.0
2001-07-19,44.49,46.3,44.27,45.29,17.0986234497,16763600.0,0.0,1.0
2001-07-18,43.04,44.63,42.75,43.56,16.4454854818,15965800.0,0.0,1.0
2001-07-17,40.51,44.8,39.88,44.57,16.8267972434,38277500.0,0.0,1.0
2001-07-16,46.0,46.9,41.66,41.95,15.8376518815,27708500.0,0.0,1.0
2001-07-13,46.27,47.66,45.1,46.36,17.5025873952,14012200.0,0.0,1.0
2001-07-12,45.7,47.0,45.5,46.43,17.529014943,19096000.0,0.0,1.0
2001-07-11,43.0,44.24,42.16,44.06,16.6342536806,15828600.0,0.0,1.0
2001-07-10,45.48,45.7,42.63,42.78,16.1510070916,17141900.0,0.0,1.0
2001-07-09,45.66,45.72,43.81,44.82,16.9211813428,13636100.0,0.0,1.0
2001-07-06,47.75,47.98,45.19,45.3,17.1023988137,15527000.0,0.0,1.0
2001-07-05,49.25,49.5,48.41,48.68,18.3784718377,11835800.0,0.0,1.0
2001-07-03,50.18,50.35,49.56,50.23,18.9636532541,6576800.0,0.0,1.0
2001-07-02,50.1,50.45,49.54,49.96,18.8617184267,16077600.0,0.0,1.0
2001-06-29,50.13,52.95,48.0,49.1,18.5370371248,20669800.0,0.0,1.0
2001-06-28,49.49,51.0,49.12,49.57,18.7144792316,22581000.0,0.0,1.0
2001-06-27,49.93,49.96,48.22,48.47,18.2991891942,17635700.0,0.0,1.0
2001-06-26,48.91,51.0,48.39,50.21,18.9561025261,18952000.0,0.0,1.0
2001-06-25,49.55,50.1,48.61,49.87,18.8277401509,13060800.0,0.0,1.0
2001-06-22,47.55,49.89,46.75,49.05,18.5181603049,20588000.0,0.0,1.0
2001-06-21,47.79,49.03,46.83,47.62,17.9782832562,20803700.0,0.0,1.0
2001-06-20,47.11,48.5,45.6,48.36,18.2576601905,26786900.0,0.0,1.0
2001-06-19,51.6,51.77,47.25,48.31,18.2387833706,23828200.0,0.0,1.0
2001-06-18,51.25,51.5,49.32,49.34,18.6276458602,17081300.0,0.0,1.0
2001-06-15,50.2,52.0,48.81,49.91,18.8428416069,20582800.0,0.0,1.0
2001-06-14,53.0,53.24,50.85,51.0,19.2543562803,19140600.0,0.0,1.0
2001-06-13,54.59,56.48,53.58,53.77,20.3001321018,16966900.0,0.0,1.0
2001-06-12,52.1,55.44,51.0,54.5,20.5757336721,14671400.0,0.0,1.0
2001-06-11,54.26,54.3,53.22,53.62,20.2435016421,9933200.0,0.0,1.0
2001-06-08,56.27,56.27,54.17,55.27,20.8664366983,13761000.0,0.0,1.0
2001-06-07,52.24,56.1,52.24,56.02,21.1495889965,21210500.0,0.0,1.0
2001-06-06,52.66,53.85,51.2,52.66,19.8810667004,16845700.0,0.0,1.0
2001-06-05,50.69,53.7,50.6,52.51,19.8244362407,14848400.0,0.0,1.0
2001-06-04,51.54,51.75,49.75,50.06,18.8994720665,10448900.0,0.0,1.0
2001-06-01,51.35,52.19,49.32,51.32,19.3751679275,17047600.0,0.0,1.0
2001-05-31,48.51,51.51,48.35,49.93,18.8503923348,18348500.0,0.0,1.0
2001-05-30,50.6,50.7,48.48,48.95,18.4804066651,19967800.0,0.0,1.0
2001-05-29,53.41,53.53,51.42,51.85,19.5752622183,12026600.0,0.0,1.0
2001-05-25,54.99,55.74,53.69,53.71,20.2774799179,13956600.0,0.0,1.0
2001-05-24,53.27,54.51,52.28,54.42,20.5455307603,16904900.0,0.0,1.0
2001-05-23,55.6,55.78,52.7,52.94,19.9867768917,17479400.0,0.0,1.0
2001-05-22,57.49,58.49,56.55,56.59,21.3647847432,16253500.0,0.0,1.0
2001-05-21,54.8,58.0,54.75,57.52,21.715893593,21424000.0,0.0,1.0
2001-05-18,53.03,55.1,53.0,55.0,20.7645018709,13849400.0,0.0,1.0
2001-05-17,53.8,54.8,52.88,53.9,20.3492118335,19854600.0,0.0,1.0
2001-05-16,49.17,54.27,48.76,54.1,20.424719113,34422400.0,0.0,1.0
2001-05-15,49.52,51.54,49.03,49.89,18.8352908789,22057300.0,0.0,1.0
2001-05-14,51.53,51.69,48.54,49.69,18.7597835994,16694600.0,0.0,1.0
2001-05-11,51.29,52.7,50.82,51.71,19.5224071226,13855900.0,0.0,1.0
2001-05-10,54.3,54.35,50.99,51.01,19.2581316443,26421100.0,0.0,1.0
2001-05-09,50.85,52.56,49.62,51.04,19.2694577362,18273800.0,0.0,1.0
2001-05-08,51.7,52.67,50.72,52.6,19.8584145165,15456800.0,0.0,1.0
2001-05-07,51.56,52.5,49.76,50.74,19.1561968169,17228300.0,0.0,1.0
2001-05-04,50.5,53.15,50.13,51.53,19.454450571,20159500.0,0.0,1.0
2001-05-03,53.79,53.79,51.76,52.6,19.8584145165,18463600.0,0.0,1.0
2001-05-02,56.0,56.56,54.09,54.69,20.6474655876,20168900.0,0.0,1.0
2001-05-01,54.81,55.8,52.2,55.04,20.7796033268,25978500.0,0.0,1.0
2001-04-30,54.65,56.85,53.15,54.6,20.6134873118,23985400.0,0.0,1.0
2001-04-27,52.53,54.17,51.51,53.89,20.3454364695,19283100.0,0.0,1.0
2001-04-26,54.46,54.9,49.95,50.84,19.1939504567,29077700.0,0.0,1.0
2001-04-25,51.85,54.32,49.25,53.18,20.0773856272,33639300.0,0.0,1.0
2001-04-24,53.48,55.7,50.5,51.7,19.5186317586,28020200.0,0.0,1.0
2001-04-23,54.5,55.11,52.05,52.73,19.9074942482,22083400.0,0.0,1.0
2001-04-20,58.45,59.1,55.24,56.31,21.2590745518,27803100.0,0.0,1.0
2001-04-19,53.47,59.05,52.0,58.73,22.1727126341,40814300.0,0.0,1.0
2001-04-18,50.91,55.05,50.54,53.03,20.0207551675,45868700.0,0.0,1.0
2001-04-17,46.81,50.2,46.14,47.59,17.9669571643,27883300.0,0.0,1.0
2001-04-16,48.04,49.75,46.85,47.92,18.0915441755,25406800.0,0.0,1.0
2001-04-12,45.35,49.91,45.0,49.47,18.6767255919,27665600.0,0.0,1.0
2001-04-11,47.48,48.9,45.0,46.03,17.378000384,38597600.0,0.0,1.0
2001-04-10,39.16,44.0,38.27,42.75,16.1396809997,30552500.0,0.0,1.0
2001-04-09,40.0,40.23,36.75,38.82,14.6559629569,26704200.0,0.0,1.0
2001-04-06,41.25,42.06,39.0,40.0,15.1014559061,28846700.0,0.0,1.0
2001-04-05,39.88,42.88,39.67,42.25,15.9509128008,30485000.0,0.0,1.0
2001-04-04,39.94,40.31,36.56,37.81,14.2746511953,38840000.0,0.0,1.0
2001-04-03,40.13,41.75,39.02,40.13,15.1505356378,35947400.0,0.0,1.0
2001-04-02,43.38,44.13,38.88,40.0,15.1014559061,34303900.0,0.0,1.0
2001-03-30,44.56,44.69,42.25,43.5,16.4228332979,27592900.0,0.0,1.0
2001-03-29,47.06,49.38,44.13,45.56,17.2005582771,34291800.0,0.0,1.0
2001-03-28,49.69,51.5,47.38,47.69,18.0047108041,32253000.0,0.0,1.0
2001-03-27,48.5,51.44,47.88,50.88,19.2090519126,30997000.0,0.0,1.0
2001-03-26,50.81,50.94,48.44,49.31,18.6163197683,19035200.0,0.0,1.0
2001-03-23,51.45,52.41,48.31,50.25,18.9712039821,37761400.0,0.0,1.0
2001-03-22,46.0,49.56,46.0,49.44,18.6653995,36073900.0,0.0,1.0
2001-03-21,43.69,46.38,43.06,44.88,16.9438335267,27852300.0,0.0,1.0
2001-03-20,47.25,47.5,42.81,42.81,16.1623331835,24614000.0,0.0,1.0
2001-03-19,44.31,47.13,43.25,46.63,17.6045222225,16895300.0,0.0,1.0
2001-03-16,44.63,45.88,43.56,44.25,16.7059855961,24926500.0,0.0,1.0
2001-03-15,49.52,49.81,45.5,46.13,17.4157540237,25938500.0,0.0,1.0
2001-03-14,46.13,49.63,46.13,48.19,18.1934790029,32962000.0,0.0,1.0
2001-03-13,47.25,48.63,45.0,47.88,18.0764427196,29561400.0,0.0,1.0
2001-03-12,45.0,49.25,44.44,46.31,17.4837105753,31445500.0,0.0,1.0
2001-03-09,48.88,49.5,46.08,46.75,17.6498265903,19580600.0,0.0,1.0
2001-03-08,49.81,51.13,49.19,50.31,18.9938561659,19947700.0,0.0,1.0
2001-03-07,49.88,50.13,48.5,49.81,18.8050879671,16364700.0,0.0,1.0
2001-03-06,49.25,51.5,49.25,49.81,18.8050879671,24890000.0,0.0,1.0
2001-03-05,47.0,48.75,46.5,47.56,17.9556310724,15828700.0,0.0,1.0
2001-03-02,43.69,48.63,42.25,45.25,17.0835219938,28891400.0,0.0,1.0
2001-03-01,40.38,45.38,39.06,45.33,17.1137249056,29989500.0,0.0,1.0
2001-02-28,44.75,44.75,41.0,42.25,15.9509128008,27105500.0,0.0,1.0
2001-02-27,48.0,48.19,44.52,45.0,16.9891378944,16919500.0,0.0,1.0
2001-02-26,47.5,48.44,45.19,47.81,18.0500151718,20531600.0,0.0,1.0
2001-02-23,47.25,48.0,44.06,47.94,18.0990949035,21783600.0,0.0,1.0
2001-02-22,47.0,49.75,45.25,46.81,17.6724787741,27516800.0,0.0,1.0
2001-02-21,44.5,49.63,44.5,46.63,17.6045222225,22015200.0,0.0,1.0
2001-02-20,48.38,49.0,45.88,45.94,17.3440221082,15329000.0,0.0,1.0
2001-02-16,47.56,48.73,46.44,48.23,18.2085804588,22196800.0,0.0,1.0
2001-02-15,47.75,50.63,47.44,49.44,18.6653995,27805900.0,0.0,1.0
2001-02-14,42.0,47.69,42.0,46.81,17.6724787741,47882900.0,0.0,1.0
2001-02-13,44.5,45.0,41.0,41.25,15.5733764032,21313000.0,0.0,1.0
2001-02-12,42.81,45.0,42.2,44.0,16.6116014967,14224800.0,0.0,1.0
2001-02-09,42.38,45.06,42.0,42.63,16.0943766319,16252100.0,0.0,1.0
2001-02-08,43.75,45.81,42.19,42.38,15.9999925325,18779000.0,0.0,1.0
2001-02-07,45.63,46.63,43.0,44.75,16.894753795,17032500.0,0.0,1.0
2001-02-06,45.19,47.13,44.81,45.88,17.3213699243,12819000.0,0.0,1.0
2001-02-05,46.69,46.75,44.02,45.81,17.2949423765,16220300.0,0.0,1.0
2001-02-02,50.94,51.63,47.63,47.75,18.0273629879,12096100.0,0.0,1.0
2001-02-01,50.38,51.13,49.56,50.56,19.0882402653,12996300.0,0.0,1.0
2001-01-31,51.0,52.81,50.13,50.31,18.9938561659,33863000.0,0.0,1.0
2001-01-30,50.63,53.94,50.25,52.44,19.7980086929,25791300.0,0.0,1.0
2001-01-29,47.69,50.81,47.44,50.19,18.9485517982,11340300.0,0.0,1.0
2001-01-26,47.25,48.38,47.06,47.88,18.0764427196,20329400.0,0.0,1.0
2001-01-25,49.0,49.69,48.25,48.75,18.4048993856,17390000.0,0.0,1.0
2001-01-24,48.63,50.0,48.13,49.63,18.7371314155,21995000.0,0.0,1.0
2001-01-23,47.81,49.0,46.94,48.25,18.2161311867,16594800.0,0.0,1.0
2001-01-22,49.81,49.81,48.0,48.94,18.4766313011,16378700.0,0.0,1.0
2001-01-19,50.88,51.5,48.88,49.94,18.8541676988,24604500.0,0.0,1.0
2001-01-18,48.0,50.25,46.94,50.06,18.8994720665,29489400.0,0.0,1.0
2001-01-17,48.88,49.31,47.25,48.19,18.1934790029,37644000.0,0.0,1.0
2001-01-16,45.88,45.88,43.13,44.44,16.7777175117,21336000.0,0.0,1.0
2001-01-12,46.13,47.88,44.69,46.38,17.5101381231,29756900.0,0.0,1.0
2001-01-11,44.31,47.0,43.13,46.38,17.5101381231,37796700.0,0.0,1.0
2001-01-10,42.31,45.19,41.75,44.75,16.894753795,28994700.0,0.0,1.0
2001-01-09,46.56,46.63,42.69,43.5,16.4228332979,21800000.0,0.0,1.0
2001-01-08,42.44,45.88,41.94,45.75,17.2722901926,23774500.0,0.0,1.0
2001-01-05,45.0,46.06,42.44,42.69,16.1170288158,22135600.0,0.0,1.0
2001-01-04,47.88,50.13,43.56,44.38,16.7550653278,48202900.0,0.0,1.0
2001-01-03,39.06,49.81,39.0,49.63,18.7371314155,33798200.0,0.0,1.0
2001-01-02,38.81,41.0,38.0,39.5,14.9126877073,19242000.0,0.0,1.0
2000-12-29,38.5,40.38,38.0,38.19,14.4181150264,12700600.0,0.0,1.0
2000-12-28,40.0,40.88,38.25,39.44,14.8900355234,14993400.0,0.0,1.0
2000-12-27,37.63,39.88,37.25,39.56,14.9353398911,18211200.0,0.0,1.0
2000-12-26,38.69,39.31,37.19,38.0,14.3463831108,9681100.0,0.0,1.0
2000-12-22,36.63,39.06,35.63,38.63,14.5842310413,24761400.0,0.0,1.0
2000-12-21,37.69,40.19,34.13,35.38,13.357237749,25765600.0,0.0,1.0
2000-12-20,38.25,38.63,36.5,37.81,14.2746511953,18996600.0,0.0,1.0
2000-12-19,39.88,42.61,38.88,39.0,14.7239195085,19521200.0,0.0,1.0
2000-12-18,40.63,41.81,39.19,39.75,15.0070718067,13997800.0,0.0,1.0
2000-12-15,40.58,40.75,38.44,39.5,14.9126877073,20958400.0,0.0,1.0
2000-12-14,42.44,43.75,40.13,40.38,15.2449197372,13608800.0,0.0,1.0
2000-12-13,43.56,45.69,42.06,42.69,16.1170288158,25404100.0,0.0,1.0
2000-12-12,48.06,48.44,45.44,45.5,17.1779060932,23440600.0,0.0,1.0
2000-12-11,44.0,51.25,43.13,50.94,19.2317040964,26633600.0,0.0,1.0
2000-12-08,42.75,44.63,42.69,44.19,16.6833334123,17628700.0,0.0,1.0
2000-12-07,39.81,42.0,38.81,40.0,15.1014559061,9034000.0,0.0,1.0
2000-12-06,44.13,44.5,40.5,40.56,15.3128762888,13643400.0,0.0,1.0
2000-12-05,39.88,44.25,39.88,44.13,16.6606812284,18218900.0,0.0,1.0
2000-12-04,39.38,40.19,37.25,38.5,14.5351513096,13193500.0,0.0,1.0
2000-12-01,41.13,41.5,38.0,38.56,14.5578034935,22784300.0,0.0,1.0
2000-11-30,40.56,42.06,38.94,40.44,15.2675719211,21650300.0,0.0,1.0
2000-11-29,40.75,43.69,40.09,42.94,16.2114129152,15632800.0,0.0,1.0
2000-11-28,44.0,44.75,40.5,41.06,15.5016444876,21044900.0,0.0,1.0
2000-11-27,47.44,48.63,43.5,44.13,16.6606812284,16909400.0,0.0,1.0
2000-11-24,44.19,46.94,43.75,46.69,17.6271744064,7661400.0,0.0,1.0
2000-11-22,41.88,44.75,41.75,42.25,15.9509128008,14469700.0,0.0,1.0
2000-11-21,41.56,43.25,40.0,42.31,15.9735649847,15976800.0,0.0,1.0
2000-11-20,40.63,43.0,40.0,41.13,15.5280720355,15868000.0,0.0,1.0
2000-11-17,41.25,42.63,39.56,41.13,15.5280720355,13778200.0,0.0,1.0
2000-11-16,43.13,44.69,41.08,41.63,15.7168402343,28223600.0,0.0,1.0
2000-11-15,42.69,44.0,40.5,42.75,16.1396809997,25838900.0,0.0,1.0
2000-11-14,42.25,43.13,40.44,41.44,15.6451083187,16291000.0,0.0,1.0
2000-11-13,39.56,42.31,38.5,40.25,15.1958400055,21108800.0,0.0,1.0
2000-11-10,42.44,42.63,40.63,40.94,15.4563401199,12270900.0,0.0,1.0
2000-11-09,40.94,45.5,40.63,43.38,16.3775289302,21607600.0,0.0,1.0
2000-11-08,47.5,47.56,43.31,43.44,16.400181114,13741500.0,0.0,1.0
2000-11-07,48.75,49.13,46.44,46.88,17.698906322,11977300.0,0.0,1.0
2000-11-06,50.38,50.44,48.19,49.31,18.6163197683,11467700.0,0.0,1.0
2000-11-03,51.06,51.13,49.13,49.44,18.6653995,11283500.0,0.0,1.0
2000-11-02,51.38,52.75,50.25,52.0,19.6318926779,14327900.0,0.0,1.0
2000-11-01,47.89,52.13,47.19,51.25,19.3487403797,24302700.0,0.0,1.0
2000-10-31,50.81,54.0,50.38,53.13,20.0585088073,14048000.0,0.0,1.0
2000-10-30,48.75,52.0,48.13,49.63,18.7371314155,13197200.0,0.0,1.0
2000-10-27,53.5,54.13,46.44,48.13,18.170826819,24176800.0,0.0,1.0
2000-10-26,49.38,53.38,48.25,53.06,20.0320812595,17907800.0,0.0,1.0
2000-10-25,49.25,51.44,47.81,48.75,18.4048993856,15775600.0,0.0,1.0
2000-10-24,51.75,52.06,48.38,49.44,18.6653995,18061800.0,0.0,1.0
2000-10-23,51.75,55.38,51.38,53.44,20.1755450906,15993400.0,0.0,1.0
2000-10-20,49.19,51.94,48.19,50.5,19.0655880815,17312000.0,0.0,1.0
2000-10-19,46.0,50.88,45.38,50.5,19.0655880815,18478800.0,0.0,1.0
2000-10-18,43.88,45.25,40.5,42.06,15.8791808853,31451500.0,0.0,1.0
2000-10-17,48.88,49.0,42.63,44.5,16.8003696955,34401200.0,0.0,1.0
2000-10-16,53.25,53.25,48.0,48.75,18.4048993856,21681100.0,0.0,1.0
2000-10-13,48.0,54.38,47.75,53.5,20.1981972744,21078400.0,0.0,1.0
2000-10-12,54.13,55.13,48.0,48.06,18.1443992712,30717300.0,0.0,1.0
2000-10-11,48.75,54.0,48.5,51.56,19.465776663,27678900.0,0.0,1.0
2000-10-10,54.25,54.44,48.63,49.06,18.5219356688,31855200.0,0.0,1.0
2000-10-09,53.75,57.19,51.63,55.75,21.0476541691,13787500.0,0.0,1.0
2000-10-06,53.0,54.75,52.0,54.19,20.4586973888,14898900.0,0.0,1.0
2000-10-05,53.77,54.5,51.75,53.13,20.0585088073,15850400.0,0.0,1.0
2000-10-04,51.69,55.0,51.63,54.19,20.4586973888,27417200.0,0.0,1.0
2000-10-03,55.63,55.69,51.5,51.63,19.4922042108,29028400.0,0.0,1.0
2000-10-02,60.75,60.94,56.5,56.69,21.4025383829,16249700.0,0.0,1.0
2000-09-29,62.72,63.25,58.23,59.31,22.3916837448,15298400.0,0.0,1.0
2000-09-28,63.0,65.06,62.06,63.88,24.1170250821,22968400.0,0.0,1.0
2000-09-27,66.38,66.63,62.38,63.88,24.1170250821,15154300.0,0.0,1.0
2000-09-26,67.56,68.63,64.94,65.44,24.7059818624,15433700.0,0.0,1.0
2000-09-25,71.56,72.23,66.56,67.44,25.4610546577,15743200.0,0.0,1.0
2000-09-22,68.19,70.0,67.13,70.0,26.4275478357,28990000.0,0.0,1.0
2000-09-21,75.75,76.25,73.0,73.5,27.7489252275,13971900.0,0.0,1.0
2000-09-20,77.06,78.75,74.5,78.0,29.4478390169,13371800.0,0.0,1.0
2000-09-19,73.27,77.13,72.25,76.94,29.0476504354,9678800.0,0.0,1.0
2000-09-18,73.56,75.69,71.5,72.25,27.2770047304,11470300.0,0.0,1.0
2000-09-15,73.94,74.88,71.31,73.13,27.6092367603,11589100.0,0.0,1.0
2000-09-14,75.88,76.5,74.0,74.94,28.2925776401,8555400.0,0.0,1.0
2000-09-13,70.56,75.0,70.13,74.0,27.9376934263,11541000.0,0.0,1.0
2000-09-12,75.13,75.88,71.25,71.69,27.0655843477,14524700.0,0.0,1.0
2000-09-11,75.44,78.44,73.75,75.19,28.3869617395,14891500.0,0.0,1.0
2000-09-08,78.94,79.13,75.0,75.5,28.5039980228,14066200.0,0.0,1.0
2000-09-07,79.81,81.63,77.88,80.38,30.3463756433,14616700.0,0.0,1.0
2000-09-06,82.63,85.0,79.0,79.63,30.0632233451,13735200.0,0.0,1.0
2000-09-05,83.88,85.5,83.5,84.44,31.8791734178,7113200.0,0.0,1.0
2000-09-01,87.69,88.88,83.69,84.81,32.0188618849,10071100.0,0.0,1.0
2000-08-31,85.06,87.63,85.0,86.31,32.5851664814,10676400.0,0.0,1.0
2000-08-30,84.81,85.63,83.25,84.38,31.8565212339,7462100.0,0.0,1.0
2000-08-29,83.44,85.75,82.5,85.06,32.1132459843,8201500.0,0.0,1.0
2000-08-28,84.63,85.5,82.31,83.19,31.4072529207,8209900.0,0.0,1.0
2000-08-25,85.55,86.31,83.0,84.69,31.9735575172,8811100.0,0.0,1.0
2000-08-24,85.25,87.06,84.38,85.56,32.3020141832,11259800.0,0.0,1.0
2000-08-23,81.5,85.5,81.25,85.44,32.2567098155,11463600.0,0.0,1.0
2000-08-22,82.38,83.88,80.56,82.0,30.9579846075,9014900.0,0.0,1.0
2000-08-21,84.75,84.75,80.5,81.44,30.7465642248,10525300.0,0.0,1.0
2000-08-18,84.69,86.13,83.0,83.94,31.690405219,12803200.0,0.0,1.0
2000-08-17,80.97,84.25,79.5,84.0,31.7130574028,15271700.0,0.0,1.0
2000-08-16,79.13,81.81,79.0,81.09,30.6144264857,19553400.0,0.0,1.0
2000-08-15,75.38,78.81,75.31,77.81,29.3761071014,18151800.0,0.0,1.0
2000-08-14,69.94,75.06,69.5,74.81,28.2434979084,14876600.0,0.0,1.0
2000-08-11,68.81,69.94,66.5,69.19,26.1217433536,13422100.0,0.0,1.0
2000-08-10,71.19,73.19,68.44,69.25,26.1443955375,29889300.0,0.0,1.0
2000-08-09,73.25,74.5,72.0,72.13,27.2317003627,25682700.0,0.0,1.0
2000-08-08,71.13,71.75,69.06,70.56,26.6389682184,12786900.0,0.0,1.0
2000-08-07,68.94,71.0,67.78,69.94,26.4048956518,17923900.0,0.0,1.0
2000-08-04,71.25,71.5,65.94,67.75,25.578090941,22255300.0,0.0,1.0
2000-08-03,66.25,72.0,64.75,69.0,26.050011438,42791200.0,0.0,1.0
2000-08-02,74.69,77.44,72.44,72.56,27.3940410137,12333900.0,0.0,1.0
2000-08-01,77.06,77.25,73.88,74.56,28.149113809,10459000.0,0.0,1.0
2000-07-31,75.06,77.5,72.88,75.88,28.6474618539,13676800.0,0.0,1.0
2000-07-28,75.69,77.38,72.0,74.0,27.9376934263,22357500.0,0.0,1.0
2000-07-27,79.94,80.44,73.75,74.31,28.0547297096,23385300.0,0.0,1.0
2000-07-26,82.75,83.38,79.63,81.88,30.9126802398,19499700.0,0.0,1.0
2000-07-25,82.13,84.88,81.06,84.5,31.9018256017,11328500.0,0.0,1.0
2000-07-24,79.94,82.23,78.13,80.5,30.391680011,15157200.0,0.0,1.0
2000-07-21,81.81,81.88,77.81,78.13,29.4969187486,18859900.0,0.0,1.0
2000-07-20,87.44,89.19,81.38,83.19,31.4072529207,18190200.0,0.0,1.0
2000-07-19,88.31,88.5,85.38,86.69,32.7286303125,9737500.0,0.0,1.0
2000-07-18,91.88,93.25,88.38,88.88,33.5554350234,13115000.0,0.0,1.0
2000-07-17,88.81,94.5,88.69,94.0,35.4884213794,13986200.0,0.0,1.0
2000-07-14,89.38,89.94,87.38,88.69,33.4837031078,7728900.0,0.0,1.0
2000-07-13,90.13,90.94,86.25,87.75,33.128818894,10252500.0,0.0,1.0
2000-07-12,88.75,91.0,87.75,89.0,33.6007393911,10530300.0,0.0,1.0
2000-07-11,89.19,91.0,86.25,87.0,32.8456665958,15009100.0,0.0,1.0
2000-07-10,87.44,91.94,85.0,88.63,33.461050924,15682900.0,0.0,1.0
2000-07-07,89.31,90.94,88.5,89.56,33.8121597738,10224100.0,0.0,1.0
2000-07-06,84.44,87.5,82.63,86.69,32.7286303125,17002100.0,0.0,1.0
2000-07-05,89.5,89.5,82.75,83.44,31.5016370201,21003400.0,0.0,1.0
2000-07-03,90.81,92.63,90.63,92.56,34.9447689667,2744500.0,0.0,1.0
2000-06-30,88.5,91.88,88.38,90.63,34.2161237193,7476100.0,0.0,1.0
2000-06-29,89.5,90.94,87.63,89.06,33.623391575,8885100.0,0.0,1.0
2000-06-28,89.31,93.0,87.63,90.56,34.1896961714,9570300.0,0.0,1.0
2000-06-27,90.13,91.25,86.75,88.13,33.2722827251,9253800.0,0.0,1.0
2000-06-26,92.38,92.38,89.19,89.5,33.7895075899,8264500.0,0.0,1.0
2000-06-23,94.75,95.0,90.25,90.75,34.261428087,8522400.0,0.0,1.0
2000-06-22,97.56,97.81,93.75,93.88,35.4431170116,8041700.0,0.0,1.0
2000-06-21,94.58,98.06,94.0,97.94,36.9759147861,9544200.0,0.0,1.0
2000-06-20,96.94,98.5,94.5,96.19,36.3152260902,12781900.0,0.0,1.0
2000-06-19,92.13,96.63,90.63,96.5,36.4322623735,11536500.0,0.0,1.0
2000-06-16,90.19,93.63,87.06,93.06,35.1335371656,15225500.0,0.0,1.0
2000-06-15,86.66,89.38,86.13,88.44,33.3893190084,12108400.0,0.0,1.0
2000-06-14,92.31,92.5,86.0,86.06,32.490782382,10149300.0,0.0,1.0
2000-06-13,91.0,92.63,89.0,92.13,34.7824283158,9914900.0,0.0,1.0
2000-06-12,95.0,95.0,90.5,91.06,34.3784643703,5984300.0,0.0,1.0
2000-06-09,95.56,95.63,93.69,94.88,35.8206534093,7259600.0,0.0,1.0
2000-06-08,94.88,95.75,91.25,92.69,34.9938486984,7422900.0,0.0,1.0
2000-06-07,90.38,93.81,89.44,93.56,35.3223053644,10111500.0,0.0,1.0
2000-06-06,93.25,95.06,89.0,89.31,33.7177756744,10392000.0,0.0,1.0
2000-06-05,91.5,95.5,90.0,93.63,35.3487329122,12123400.0,0.0,1.0
2000-06-02,94.75,95.5,92.38,93.56,35.3223053644,14179800.0,0.0,1.0
2000-06-01,86.0,89.25,85.5,87.75,33.128818894,13036000.0,0.0,1.0
2000-05-31,84.75,87.5,83.06,83.38,31.4789848363,16551900.0,0.0,1.0
2000-05-30,77.75,85.13,77.44,84.94,32.0679416166,14216200.0,0.0,1.0
2000-05-26,77.23,79.0,72.81,74.31,28.0547297096,11027900.0,0.0,1.0
2000-05-25,79.25,84.0,75.0,76.69,28.953266336,20542300.0,0.0,1.0
2000-05-24,72.13,79.94,68.81,78.44,29.6139550319,25954300.0,0.0,1.0
2000-05-23,78.13,80.31,71.5,71.88,27.1373162633,20733400.0,0.0,1.0
2000-05-22,80.75,81.0,71.63,79.31,29.9424116978,24686100.0,0.0,1.0
2000-05-19,84.5,85.5,79.25,80.19,30.2746437278,18499000.0,0.0,1.0
2000-05-18,90.56,90.75,84.81,85.0,32.0905938005,10592900.0,0.0,1.0
2000-05-17,90.88,94.0,89.5,89.63,33.8385873216,13908000.0,0.0,1.0
2000-05-16,91.83,94.25,89.5,92.94,35.0882327978,15221100.0,0.0,1.0
2000-05-15,84.5,89.0,81.63,89.0,33.6007393911,10910400.0,0.0,1.0
2000-05-12,86.81,89.5,83.75,84.44,31.8791734178,14314000.0,0.0,1.0
2000-05-11,83.0,86.75,79.81,85.25,32.1849778999,39856200.0,0.0,1.0
2000-05-10,89.81,90.25,83.5,84.63,31.9509053334,32863600.0,0.0,1.0
2000-05-09,97.06,97.63,90.25,90.63,34.2161237193,17187100.0,0.0,1.0
2000-05-08,100.6,103.0,94.94,95.69,36.1264578914,15305900.0,0.0,1.0
2000-05-05,100.6,102.9,100.3,101.9,38.4709589208,14391700.0,0.0,1.0
2000-05-04,96.75,98.88,93.75,97.75,36.9041828706,15316400.0,0.0,1.0
2000-05-03,95.5,96.5,90.0,94.5,35.6771895782,12631200.0,0.0,1.0
2000-05-02,99.13,103.3,96.0,96.13,36.2925739064,10398200.0,0.0,1.0
2000-05-01,103.7,104.8,98.38,99.94,37.7309875814,11964700.0,0.0,1.0
2000-04-28,102.9,105.9,100.5,101.8,38.4332052811,14122400.0,0.0,1.0
2000-04-27,89.13,102.3,88.63,100.3,37.8669006846,17129100.0,0.0,1.0
2000-04-26,95.88,100.0,89.81,90.44,34.1443918037,14396200.0,0.0,1.0
2000-04-25,93.75,97.06,92.38,95.31,35.9829940603,14616600.0,0.0,1.0
2000-04-24,88.25,92.0,85.0,91.25,34.4501962858,13801900.0,0.0,1.0
2000-04-20,93.63,94.94,90.63,93.13,35.1599647134,11023100.0,0.0,1.0
2000-04-19,101.9,102.0,90.13,91.5,34.5445803852,13201800.0,0.0,1.0
2000-04-18,97.0,101.1,95.0,101.0,38.1311761629,17513400.0,0.0,1.0
2000-04-17,81.13,96.69,78.94,96.63,36.4813421052,21085200.0,0.0,1.0
2000-04-14,88.31,88.38,78.0,80.31,30.3199480955,28250400.0,0.0,1.0
2000-04-13,101.0,102.3,88.94,89.0,33.6007393911,25150500.0,0.0,1.0
2000-04-12,107.1,108.8,95.13,97.56,36.832450955,19326200.0,0.0,1.0
2000-04-11,101.8,111.3,99.69,104.6,39.4903071945,19063500.0,0.0,1.0
2000-04-10,114.4,114.6,103.3,103.4,39.0372635173,15979800.0,0.0,1.0
2000-04-07,108.0,115.0,107.1,114.9,43.3789320903,12250300.0,0.0,1.0
2000-04-06,106.5,111.3,104.4,106.7,40.2831336296,13953200.0,0.0,1.0
2000-04-05,96.25,110.3,96.0,104.2,39.3392926354,21832200.0,0.0,1.0
2000-04-04,93.38,100.3,85.0,98.13,37.0476467017,23795300.0,0.0,1.0
2000-04-03,95.56,96.75,87.0,89.25,33.6951234905,12879200.0,0.0,1.0
2000-03-31,94.0,96.94,88.13,94.25,35.5828054788,17375200.0,0.0,1.0
2000-03-30,94.63,98.0,87.25,93.0,35.1108849817,14063200.0,0.0,1.0
2000-03-29,102.6,102.7,96.13,96.81,36.5492986568,11336900.0,0.0,1.0
2000-03-28,107.9,108.3,101.0,102.1,38.5464662003,9379300.0,0.0,1.0
2000-03-27,107.9,110.0,105.5,108.6,41.0004527851,7228700.0,0.0,1.0
2000-03-24,105.44,110.0,103.5,106.81,40.3246626333,10777400.0,0.0,1.0
2000-03-23,104.3,109.3,102.0,102.4,38.6597271196,9544800.0,0.0,1.0
2000-03-22,97.94,105.1,97.0,104.8,39.565814474,9283000.0,0.0,1.0
2000-03-21,94.44,98.88,92.0,98.0,36.99856697,9954700.0,0.0,1.0
2000-03-20,95.19,97.5,93.13,94.0,35.4884213794,11005700.0,0.0,1.0
2000-03-17,90.13,96.56,89.94,95.86,36.190639079,12620300.0,0.0,1.0
2000-03-16,87.5,90.75,81.5,87.94,33.2005508096,7918500.0,0.0,2.0
2000-03-15,178.9,180.8,168.5,171.2,32.3171156391,12537300.0,0.0,1.0
2000-03-14,191.5,192.3,178.5,178.8,33.7517539502,8731300.0,0.0,1.0
2000-03-13,185.5,191.0,184.5,187.9,35.4695445595,6955900.0,0.0,1.0
2000-03-10,188.1,196.9,186.9,193.1,36.4511391934,6207200.0,0.0,1.0
2000-03-09,178.5,190.5,174.1,190.3,35.9225882367,5656800.0,0.0,1.0
2000-03-08,185.5,185.8,173.1,179.4,33.8650148695,8233700.0,0.0,1.0
2000-03-07,186.3,191.7,183.5,184.1,34.7522254039,6225700.0,0.0,1.0
2000-03-06,191.2,193.4,181.6,184.0,34.7333485841,5362100.0,0.0,1.0
2000-03-03,184.4,191.0,183.9,190.8,36.0169723361,5857800.0,0.0,1.0
2000-03-02,183.3,186.9,180.3,180.5,34.0726598882,4343200.0,0.0,1.0
2000-03-01,183.5,185.5,181.4,184.6,34.8466095034,4921500.0,0.0,1.0
2000-02-29,180.0,184.5,179.6,182.9,34.5257035653,6808600.0,0.0,1.0
2000-02-28,173.8,179.3,167.1,176.9,33.3930943724,8512000.0,0.0,1.0
2000-02-25,183.7,185.4,171.0,172.3,32.5247606578,6556200.0,0.0,1.0
2000-02-24,180.3,186.8,178.8,183.5,34.6389644846,6785800.0,0.0,1.0
2000-02-23,178.5,184.3,177.6,181.0,34.1670439876,5999500.0,0.0,1.0
2000-02-22,176.4,184.0,173.4,178.8,33.7517539502,7543900.0,0.0,1.0
2000-02-18,188.3,189.3,177.0,177.8,33.5629857513,8818200.0,0.0,1.0
2000-02-17,174.1,188.9,169.9,188.4,35.5639286589,11884100.0,0.0,1.0
2000-02-16,175.0,177.8,171.5,173.4,32.7324056765,12741500.0,0.0,1.0
2000-02-15,163.9,169.3,159.8,166.5,31.4299051046,10276200.0,0.0,1.0
2000-02-14,167.6,169.6,159.8,161.1,30.4105568309,7676300.0,0.0,1.0
2000-02-11,172.9,174.3,163.5,165.0,31.1467528064,8284100.0,0.0,1.0
2000-02-10,163.8,174.8,161.3,174.8,32.9966811549,6914700.0,0.0,1.0
2000-02-09,159.2,168.6,159.1,163.7,30.9013541479,9439300.0,0.0,1.0
2000-02-08,154.8,161.5,152.5,161.0,30.391680011,9275100.0,0.0,1.0
2000-02-07,145.5,154.2,144.0,153.6,28.9947953397,5359500.0,0.0,1.0
2000-02-04,149.6,150.9,144.9,145.4,27.4468961094,4749500.0,0.0,1.0
2000-02-03,144.9,150.0,144.9,148.5,28.0320775257,5899300.0,0.0,1.0
2000-02-02,140.1,147.0,139.6,143.8,27.1448669912,6974300.0,0.0,1.0
2000-02-01,133.8,141.4,133.3,140.5,26.5219319351,5698700.0,0.0,1.0
2000-01-31,128.7,137.6,128.3,137.3,25.9178736989,7587800.0,0.0,1.0
2000-01-28,134.6,138.4,128.6,129.8,24.5021122077,7873700.0,0.0,1.0
2000-01-27,137.2,140.3,133.4,135.5,25.578090941,6746500.0,0.0,1.0
2000-01-26,144.1,144.4,134.1,134.3,25.3515691024,6806900.0,0.0,1.0
2000-01-25,141.4,145.3,135.3,144.4,27.2581279105,8213700.0,0.0,1.0
2000-01-24,140.3,146.6,140.3,140.5,26.5219319351,6338200.0,0.0,1.0
2000-01-21,141.6,142.8,137.8,141.3,26.6729464942,7711500.0,0.0,1.0
2000-01-20,143.9,145.4,138.6,140.0,26.4275478357,7045000.0,0.0,1.0
2000-01-19,135.5,143.3,134.3,142.4,26.8805915129,7273100.0,0.0,1.0
2000-01-18,133.9,137.8,132.1,135.1,25.5025836614,6933400.0,0.0,1.0
2000-01-14,129.8,139.0,129.5,135.6,25.5969677609,15353800.0,0.0,1.0
2000-01-13,123.6,127.5,119.6,124.5,23.5016407539,11049100.0,0.0,1.0
2000-01-12,122.0,127.3,117.9,127.1,23.9924380708,7637600.0,0.0,1.0
2000-01-11,123.8,129.7,120.2,120.8,22.8031984182,6816000.0,0.0,1.0
2000-01-10,119.1,127.2,118.5,126.4,23.8603003317,7553600.0,0.0,1.0
2000-01-07,112.8,117.1,111.0,116.9,22.0670024428,9433100.0,0.0,1.0
2000-01-06,114.3,118.9,112.3,115.9,21.878234244,5609500.0,0.0,1.0
2000-01-05,118.1,120.2,113.6,115.2,21.7460965048,6947800.0,0.0,1.0
2000-01-04,121.8,125.3,120.0,120.3,22.7088143188,5705600.0,0.0,1.0
2000-01-03,128.4,128.4,125.3,126.5,23.8791771515,3589100.0,0.0,1.0
1999-12-31,124.6,129.0,124.1,126.7,23.9169307913,1615700.0,0.0,1.0
1999-12-30,126.6,126.7,123.0,124.4,23.482763934,1788300.0,0.0,1.0
1999-12-29,124.6,127.0,124.6,126.4,23.8603003317,1676300.0,0.0,1.0
1999-12-28,127.0,127.5,122.8,126.1,23.803669872,2555000.0,0.0,1.0
1999-12-27,121.8,127.8,120.1,127.7,24.1056989901,3516900.0,0.0,1.0
1999-12-23,121.4,123.0,118.0,121.6,22.9542129773,3043400.0,0.0,1.0
1999-12-22,122.0,122.9,118.5,120.9,22.8220752381,4752300.0,0.0,1.0
1999-12-21,115.4,123.9,114.7,123.6,23.3317493749,5772800.0,0.0,1.0
1999-12-20,113.8,118.6,113.5,116.3,21.9537415235,6086200.0,0.0,1.0
1999-12-17,114.9,115.0,110.3,110.8,20.91551643,5603100.0,0.0,1.0
1999-12-16,104.7,110.7,104.6,110.6,20.8777627902,6687000.0,0.0,1.0
1999-12-15,104.9,106.3,100.0,103.3,19.4997549388,7427900.0,0.0,1.0
1999-12-14,109.4,109.4,104.4,104.6,19.7451535972,8305200.0,0.0,1.0
1999-12-13,109.3,111.9,107.8,108.1,20.4058422931,4193600.0,0.0,1.0
1999-12-10,113.0,113.0,106.6,109.4,20.6512409516,5781200.0,0.0,1.0
1999-12-09,115.0,115.4,110.0,112.7,21.2741760077,6160600.0,0.0,1.0
1999-12-08,110.3,115.1,108.3,114.8,21.6705892253,8515000.0,0.0,1.0
1999-12-07,113.5,113.6,108.9,111.3,21.0099005294,6153700.0,0.0,1.0
1999-12-06,109.5,115.1,107.9,114.9,21.6894660452,6159600.0,0.0,1.0
1999-12-03,109.9,111.0,107.6,110.3,20.8211323306,7786700.0,0.0,1.0
1999-12-02,100.7,107.9,100.7,107.8,20.3492118335,6764900.0,0.0,1.0
1999-12-01,98.75,101.6,98.13,100.5,18.9712039821,5602000.0,0.0,1.0
1999-11-30,101.0,102.0,97.38,97.44,18.3935732936,6976100.0,0.0,1.0
1999-11-29,101.8,103.3,99.81,101.3,19.1222185411,5667800.0,0.0,1.0
1999-11-26,102.8,103.9,101.9,102.0,19.2543562803,2390300.0,0.0,1.0
1999-11-24,102.4,102.9,100.1,102.4,19.3298635598,4629300.0,0.0,1.0
1999-11-23,103.8,105.6,100.5,102.9,19.4242476592,5811900.0,0.0,1.0
1999-11-22,107.6,108.5,102.9,103.3,19.4997549388,8265800.0,0.0,1.0
1999-11-19,107.4,110.3,106.1,107.3,20.2548277341,8405000.0,0.0,1.0
1999-11-18,108.1,108.4,105.0,107.0,20.1981972744,11543300.0,0.0,1.0
1999-11-17,109.0,113.3,106.0,110.0,20.7645018709,14903700.0,0.0,1.0
1999-11-16,104.9,109.0,103.5,105.5,19.9150449762,8051600.0,0.0,1.0
1999-11-15,108.9,109.3,104.0,105.3,19.8772913364,7382000.0,0.0,1.0
1999-11-12,107.8,109.0,105.4,109.0,20.5757336721,7612000.0,0.0,1.0
1999-11-11,102.8,108.6,102.8,108.5,20.4813495727,7690600.0,0.0,1.0
1999-11-10,99.44,102.5,99.38,101.8,19.2166026405,8297600.0,0.0,1.0
1999-11-09,99.13,100.1,96.0,97.38,18.3822472017,6790700.0,0.0,1.0
1999-11-08,97.0,98.25,96.06,97.19,18.3463812439,3690000.0,0.0,1.0
1999-11-05,94.13,98.06,93.88,98.0,18.499283485,6471300.0,0.0,1.0
1999-11-04,94.25,94.38,91.0,92.75,17.5082504411,6391700.0,0.0,1.0
1999-11-03,93.25,94.75,92.63,94.44,17.8272686972,7370100.0,0.0,1.0
1999-11-02,89.31,93.13,88.06,91.13,17.202445959,7662600.0,0.0,1.0
1999-11-01,89.44,91.88,87.5,87.75,16.564409447,6228500.0,0.0,1.0
