date,1. open,2. high,3. low,4. close,5. adjusted close,6. volume,7. dividend amount,8. split coefficient
2021-04-16,5.65,5.65,5.35,5.37,5.37,49951.0,0.0,1.0
2021-04-15,5.851,5.851,5.5001,5.59,5.59,18321.0,0.0,1.0
2021-04-14,5.5238,5.8299,5.5115,5.53,5.53,12702.0,0.0,1.0
2021-04-13,5.87,5.87,5.5599,5.68,5.68,20514.0,0.0,1.0
2021-04-12,5.865,5.865,5.6,5.63,5.63,31392.0,0.0,1.0
2021-04-09,6.03,6.03,5.859,5.89,5.89,6939.0,0.0,1.0
2021-04-08,6.06,6.14,5.91,6.0,6.0,9026.0,0.0,1.0
2021-04-07,5.99,6.15,5.962,6.11,6.11,10110.0,0.0,1.0
2021-04-06,6.0,6.1271,5.9,6.02,6.02,31194.0,0.0,1.0
2021-04-05,6.24,6.24,6.0,6.0,6.0,8376.0,0.0,1.0
2021-04-01,6.11,6.4,5.96,6.08,6.08,13137.0,0.0,1.0
2021-03-31,6.14,6.14,5.89,6.0,6.0,8122.0,0.0,1.0
2021-03-30,6.03,6.165,5.81,5.83,5.83,13513.0,0.0,1.0
2021-03-29,6.27,6.27,5.95,5.97,5.97,11001.0,0.0,1.0
2021-03-26,5.96,6.2,5.9,6.03,6.03,28344.0,0.0,1.0
2021-03-25,5.8,5.9414,5.79,5.83,5.83,9064.0,0.0,1.0
2021-03-24,6.34,6.4069,5.7155,5.87,5.87,36440.0,0.0,1.0
2021-03-23,6.5,6.51,6.13,6.35,6.35,36103.0,0.0,1.0
2021-03-22,6.34,6.69,6.3,6.64,6.64,15386.0,0.0,1.0
2021-03-19,6.4778,6.54,6.2,6.4,6.4,19096.0,0.0,1.0
2021-03-18,6.43,6.7869,6.26,6.37,6.37,57837.0,0.0,1.0
2021-03-17,6.2,6.74,6.2,6.54,6.54,21158.0,0.0,1.0
2021-03-16,6.56,6.9499,6.22,6.23,6.23,20210.0,0.0,1.0
2021-03-15,6.42,6.8,6.42,6.53,6.53,20707.0,0.0,1.0
2021-03-12,6.5,6.7,6.36,6.48,6.48,27932.0,0.0,1.0
2021-03-11,6.39,6.59,6.34,6.41,6.41,17877.0,0.0,1.0
2021-03-10,6.1,6.5,6.09,6.39,6.39,38652.0,0.0,1.0
2021-03-09,6.095,6.255,5.71,5.91,5.91,30041.0,0.0,1.0
2021-03-08,6.29,6.29,5.66,5.92,5.92,24700.0,0.0,1.0
2021-03-05,5.95,6.4987,5.41,6.15,6.15,97160.0,0.0,1.0
2021-03-04,6.33,6.39,5.55,5.76,5.76,66704.0,0.0,1.0
2021-03-03,6.65,6.7,6.23,6.49,6.49,32905.0,0.0,1.0
2021-03-02,6.9,6.96,6.64,6.73,6.73,14459.0,0.0,1.0
2021-03-01,6.72,6.9899,6.61,6.92,6.92,21378.0,0.0,1.0
2021-02-26,6.97,7.08,6.71,6.74,6.74,33325.0,0.0,1.0
2021-02-25,7.18,7.43,6.9,6.9,6.9,39408.0,0.0,1.0
2021-02-24,6.85,7.14,6.85,7.06,7.06,37850.0,0.0,1.0
2021-02-23,7.67,7.73,6.79,6.85,6.85,164077.0,0.0,1.0
2021-02-22,8.31,8.5875,7.7,7.74,7.74,129036.0,0.0,1.0
2021-02-19,7.71,8.6899,7.67,8.22,8.22,235161.0,0.0,1.0
2021-02-18,7.885,7.885,7.67,7.72,7.72,56704.0,0.0,1.0
2021-02-17,8.15,8.15,7.77,7.95,7.95,54849.0,0.0,1.0
2021-02-16,8.0,8.2,7.91,8.06,8.06,50848.0,0.0,1.0
2021-02-12,7.99,8.26,7.82,7.82,7.82,115543.0,0.0,1.0
2021-02-11,8.19,8.4999,8.01,8.11,8.11,206985.0,0.0,1.0
2021-02-10,8.3,8.38,7.52,7.99,7.99,143940.0,0.0,1.0
2021-02-09,7.54,9.23,7.51,8.37,8.37,1462422.0,0.0,1.0
2021-02-08,7.47,7.6899,7.3801,7.53,7.53,112801.0,0.0,1.0
2021-02-05,7.15,7.3995,7.035,7.35,7.35,85779.0,0.0,1.0
2021-02-04,7.08,7.25,7.0,7.15,7.15,48885.0,0.0,1.0
2021-02-03,6.98,7.39,6.76,7.15,7.15,59629.0,0.0,1.0
2021-02-02,6.99,7.1,6.8698,6.9,6.9,43179.0,0.0,1.0
2021-02-01,6.86,7.15,6.8426,6.9,6.9,43867.0,0.0,1.0
2021-01-29,6.76,7.1125,6.76,6.935,6.935,41635.0,0.0,1.0
2021-01-28,6.8,7.2,6.625,6.77,6.77,84095.0,0.0,1.0
2021-01-27,7.46,7.46,6.85,6.96,6.96,113854.0,0.0,1.0
2021-01-26,7.5391,8.0689,7.4235,7.54,7.54,133162.0,0.0,1.0
2021-01-25,7.26,7.86,7.1642,7.7,7.7,215145.0,0.0,1.0
2021-01-22,7.32,7.32,7.0909,7.28,7.28,33278.0,0.0,1.0
2021-01-21,7.0,7.45,7.0,7.32,7.32,64666.0,0.0,1.0
2021-01-20,7.28,7.28,6.98,7.02,7.02,39785.0,0.0,1.0
2021-01-19,6.85,7.29,6.81,7.23,7.23,66873.0,0.0,1.0
2021-01-15,6.77,6.9791,6.7328,6.87,6.87,24201.0,0.0,1.0
2021-01-14,6.665,6.9399,6.6,6.91,6.91,32547.0,0.0,1.0
2021-01-13,6.85,6.85,6.59,6.63,6.63,32879.0,0.0,1.0
2021-01-12,6.89,6.92,6.7512,6.83,6.83,19566.0,0.0,1.0
2021-01-11,6.92,7.0,6.72,6.87,6.87,23287.0,0.0,1.0
2021-01-08,6.775,6.89,6.76,6.86,6.86,18118.0,0.0,1.0
2021-01-07,6.73,6.89,6.6386,6.78,6.78,26199.0,0.0,1.0
2021-01-06,6.82,6.89,6.48,6.82,6.82,28547.0,0.0,1.0
2021-01-05,6.5599,6.7938,6.5214,6.78,6.78,30736.0,0.0,1.0
2021-01-04,6.45,6.66,6.3,6.63,6.63,28619.0,0.0,1.0
2020-12-31,6.5,6.5,6.18,6.37,6.37,103419.0,0.0,1.0
2020-12-30,6.67,6.68,6.3,6.59,6.59,72760.0,0.0,1.0
2020-12-29,6.78,6.78,6.43,6.67,6.67,106996.0,0.0,1.0
2020-12-28,6.72,6.92,6.5661,6.78,6.78,53059.0,0.0,1.0
2020-12-24,6.95,6.95,6.7,6.71,6.71,32225.0,0.0,1.0
2020-12-23,6.85,6.95,6.75,6.82,6.82,52714.0,0.0,1.0
2020-12-22,6.96,7.0199,6.75,6.96,6.96,62610.0,0.0,1.0
2020-12-21,6.9658,7.1,6.85,7.0,7.0,53771.0,0.0,1.0
2020-12-18,7.1,7.2,6.8975,7.19,7.19,58375.0,0.0,1.0
2020-12-17,7.11,7.4861,6.9,6.95,6.95,48026.0,0.0,1.0
2020-12-16,7.3,7.34,7.02,7.1,7.1,55415.0,0.0,1.0
2020-12-15,7.87,8.0,7.11,7.49,7.49,334000.0,0.0,1.0
2020-12-14,7.22,7.22,6.9001,7.0,7.0,394890.0,0.0,1.0
2020-12-11,7.14,7.14,6.9259,7.04,7.04,23582.0,0.0,1.0
2020-12-10,6.8,7.4,6.78,7.14,7.14,44835.0,0.0,1.0
2020-12-09,6.96,6.96,6.62,6.8,6.8,27332.0,0.0,1.0
2020-12-08,6.92,7.099,6.9,7.01,7.01,37138.0,0.0,1.0
2020-12-07,7.2,7.21,6.87,7.03,7.03,28627.0,0.0,1.0
2020-12-04,7.0,7.12,6.8636,7.12,7.12,39267.0,0.0,1.0
2020-12-03,6.94,7.12,6.8,7.03,7.03,31053.0,0.0,1.0
2020-12-02,6.91,7.1,6.805,6.99,6.99,24239.0,0.0,1.0
2020-12-01,7.24,7.32,6.62,7.03,7.03,45251.0,0.0,1.0
2020-11-30,7.27,7.335,7.06,7.12,7.12,49035.0,0.0,1.0
2020-11-27,7.47,7.48,7.03,7.3899,7.3899,44418.0,0.0,1.0
2020-11-25,7.62,7.62,7.35,7.44,7.44,41022.0,0.0,1.0
2020-11-24,7.63,7.72,7.35,7.55,7.55,51893.0,0.0,1.0
2020-11-23,7.54,7.73,7.51,7.63,7.63,33190.0,0.0,1.0
2020-11-20,7.32,7.6,7.25,7.49,7.49,32522.0,0.0,1.0
2020-11-19,7.83,7.83,7.32,7.45,7.45,33136.0,0.0,1.0
2020-11-18,7.2,7.95,7.2,7.74,7.74,83095.0,0.0,1.0
2020-11-17,7.34,7.3786,7.02,7.21,7.21,53311.0,0.0,1.0
2020-11-16,8.57,8.57,7.21,7.22,7.22,78301.0,0.0,1.0
2020-11-13,8.0,8.0,7.215,7.33,7.33,103570.0,0.0,1.0
2020-11-12,7.9,8.04,7.41,7.59,7.59,290105.0,0.0,1.0
2020-11-11,7.7,9.48,7.01,8.4,8.4,4606683.0,0.0,1.0
2020-11-10,6.68,6.9939,6.45,6.75,6.75,48499.0,0.0,1.0
2020-11-09,7.5,7.5,6.6,6.76,6.76,79829.0,0.0,1.0
2020-11-06,6.32,6.4294,6.15,6.24,6.24,22086.0,0.0,1.0
2020-11-05,6.16,6.3799,6.16,6.26,6.26,22133.0,0.0,1.0
2020-11-04,6.25,6.32,6.09,6.2,6.2,13091.0,0.0,1.0
2020-11-03,5.98,6.26,5.931,6.06,6.06,22855.0,0.0,1.0
2020-11-02,6.75,6.75,5.8002,6.01,6.01,149816.0,0.0,1.0
2020-10-30,7.0,7.11,6.65,6.75,6.75,24755.0,0.0,1.0
2020-10-29,7.1512,7.1512,7.0,7.02,7.02,20220.0,0.0,1.0
2020-10-28,7.2,7.2,6.86,7.06,7.06,32336.0,0.0,1.0
2020-10-27,7.33,7.36,6.92,7.21,7.21,43791.0,0.0,1.0
2020-10-26,7.6,7.6,7.21,7.35,7.35,43584.0,0.0,1.0
2020-10-23,7.21,7.722,7.21,7.4,7.4,14708.0,0.0,1.0
2020-10-22,7.18,7.465,7.15,7.333,7.333,11968.0,0.0,1.0
2020-10-21,7.4,7.4,7.16,7.2,7.2,18137.0,0.0,1.0
2020-10-20,7.43,7.52,7.3,7.39,7.39,6062.0,0.0,1.0
2020-10-19,7.73,7.8256,7.38,7.4,7.4,31457.0,0.0,1.0
2020-10-16,7.52,7.92,7.52,7.72,7.72,17616.0,0.0,1.0
2020-10-15,7.7542,8.09,7.52,7.75,7.75,26390.0,0.0,1.0
2020-10-14,8.12,8.317,8.08,8.15,8.15,51802.0,0.0,1.0
2020-10-13,8.29,8.8,8.1,8.19,8.19,78203.0,0.0,1.0
2020-10-12,8.41,8.8,8.0,8.5,8.5,176128.0,0.0,1.0
2020-10-09,8.23,8.4,7.53,7.78,7.78,118315.0,0.0,1.0
2020-10-08,7.0971,7.7,7.02,7.37,7.37,41220.0,0.0,1.0
2020-10-07,7.01,7.3057,7.01,7.01,7.01,30360.0,0.0,1.0
2020-10-06,7.2116,7.37,7.03,7.11,7.11,29979.0,0.0,1.0
2020-10-05,6.99,7.29,6.99,7.1,7.1,19041.0,0.0,1.0
2020-10-02,6.95,7.33,6.84,7.05,7.05,33454.0,0.0,1.0
2020-10-01,7.8,7.8,7.3141,7.33,7.33,11347.0,0.0,1.0
2020-09-30,7.0901,7.5,7.0901,7.5,7.5,19627.0,0.0,1.0
2020-09-29,7.2222,7.35,6.9866,7.35,7.35,26073.0,0.0,1.0
2020-09-28,7.5066,7.5066,7.08,7.08,7.08,41197.0,0.0,1.0
2020-09-25,7.3228,7.39,6.91,7.3,7.3,66089.0,0.0,1.0
2020-09-24,7.365,7.406,6.895,7.25,7.25,38617.0,0.0,1.0
2020-09-23,7.9,7.9899,7.04,7.28,7.28,47392.0,0.0,1.0
2020-09-22,8.02,8.175,7.79,7.79,7.79,19770.0,0.0,1.0
2020-09-21,8.09,8.2854,7.8901,7.97,7.97,33619.0,0.0,1.0
2020-09-18,8.03,8.25,7.84,8.12,8.12,40367.0,0.0,1.0
2020-09-17,8.45,8.4515,7.84,8.17,8.17,58728.0,0.0,1.0
2020-09-16,8.5,8.5,8.15,8.2,8.2,30273.0,0.0,1.0
2020-09-15,8.6,9.18,8.32,8.5,8.5,169551.0,0.0,1.0
2020-09-14,7.74,7.95,7.74,7.89,7.89,45988.0,0.0,1.0
2020-09-11,7.72,7.9286,7.62,7.74,7.74,20254.0,0.0,1.0
2020-09-10,8.0,8.0,7.7367,7.84,7.84,23037.0,0.0,1.0
2020-09-09,7.43,7.98,7.4,7.73,7.73,45423.0,0.0,1.0
2020-09-08,7.67,7.8968,7.2,7.46,7.46,137268.0,0.0,1.0
2020-09-04,8.1,8.1,7.3653,8.05,8.05,82616.0,0.0,1.0
2020-09-03,8.41,8.7483,8.1601,8.19,8.19,66529.0,0.0,1.0
2020-09-02,8.61,8.96,8.5101,8.52,8.52,121018.0,0.0,1.0
2020-09-01,8.89,9.0,8.25,8.89,8.89,241728.0,0.0,1.0
2020-08-31,9.02,9.27,8.92,9.15,9.15,95460.0,0.0,1.0
2020-08-28,8.96,9.1,8.775,9.07,9.07,72307.0,0.0,1.0
2020-08-27,9.2,9.45,8.909,9.08,9.08,71927.0,0.0,1.0
2020-08-26,9.37,9.5929,9.1501,9.17,9.17,57320.0,0.0,1.0
2020-08-25,9.21,9.69,9.21,9.37,9.37,99539.0,0.0,1.0
2020-08-24,9.78,9.93,8.88,9.33,9.33,273075.0,0.0,1.0
2020-08-21,10.0,10.2,9.67,10.05,10.05,365080.0,0.0,1.0
2020-08-20,10.55,10.59,10.15,10.23,10.23,295387.0,0.0,1.0
2020-08-19,10.86,11.22,10.54,10.69,10.69,222802.0,0.0,1.0
2020-08-18,10.75,11.5,10.315,10.9,10.9,619677.0,0.0,1.0
2020-08-17,10.9,10.99,10.1,10.75,10.75,384761.0,0.0,1.0
2020-08-14,10.13,11.1,9.8,11.08,11.08,635137.0,0.0,1.0
2020-08-13,9.96,10.38,9.96,10.14,10.14,254142.0,0.0,1.0
2020-08-12,10.22,10.6743,9.74,10.09,10.09,294342.0,0.0,1.0
2020-08-11,10.95,11.14,10.05,10.24,10.24,283946.0,0.0,1.0
2020-08-10,10.96,11.18,10.8,11.03,11.03,194159.0,0.0,1.0
2020-08-07,11.0,11.7399,10.7,10.97,10.97,510109.0,0.0,1.0
2020-08-06,11.5,11.5661,10.86,11.14,11.14,397544.0,0.0,1.0
2020-08-05,10.08,11.94,10.0135,10.95,10.95,1059998.0,0.0,1.0
2020-08-04,9.98,10.5,9.91,10.32,10.32,311799.0,0.0,1.0
2020-08-03,9.85,10.2899,9.45,9.9,9.9,294474.0,0.0,1.0
2020-07-31,10.45,10.65,9.82,10.01,10.01,234854.0,0.0,1.0
2020-07-30,10.97,11.1555,10.25,10.65,10.65,395785.0,0.0,1.0
2020-07-29,11.36,12.0,10.65,11.52,11.52,779135.0,0.0,1.0
2020-07-28,11.05,11.67,10.93,10.97,10.97,316481.0,0.0,1.0
2020-07-27,12.34,12.6799,11.0,11.45,11.45,889114.0,0.0,1.0
2020-07-24,13.55,14.15,12.28,12.88,12.88,1172769.0,0.0,1.0
2020-07-23,13.5,15.39,12.78,13.9,13.9,2905620.0,0.0,1.0
2020-07-22,14.0,14.2,12.11,12.69,12.69,2231541.0,0.0,1.0
2020-07-21,19.59,21.3,13.9,14.81,14.81,26400360.0,0.0,1.0
2020-07-20,10.5,19.53,10.13,10.41,10.41,67210882.0,0.0,1.0
2020-07-17,6.13,6.65,5.91,6.37,6.37,61176.0,0.0,1.0
2020-07-16,6.7,6.868,6.15,6.15,6.15,129187.0,0.0,1.0
2020-07-15,5.86,7.45,5.86,6.61,6.61,430140.0,0.0,1.0
2020-07-14,5.73,6.46,5.51,6.01,6.01,153374.0,0.0,1.0
2020-07-13,6.5,6.7,5.67,5.88,5.88,347098.0,0.0,1.0
2020-07-10,6.53,6.7,6.45,6.48,6.48,129422.0,0.0,1.0
2020-07-09,7.15,7.262,6.44,6.67,6.67,217500.0,0.0,1.0
2020-07-08,7.22,7.3,7.1,7.22,7.22,53474.0,0.0,1.0
2020-07-07,7.05,7.57,7.0,7.24,7.24,141124.0,0.0,1.0
2020-07-06,7.46,7.63,7.1,7.26,7.26,67507.0,0.0,1.0
2020-07-02,7.6,7.79,7.32,7.34,7.34,176797.0,0.0,1.0
2020-07-01,7.47,7.9,7.33,7.5,7.5,132034.0,0.0,1.0
2020-06-30,7.46,7.741,7.32,7.43,7.43,149514.0,0.0,1.0
2020-06-29,8.0,8.02,7.295,7.42,7.42,191237.0,0.0,1.0
2020-06-26,8.2,8.4,8.0,8.11,8.11,152391.0,0.0,1.0
2020-06-25,8.53,8.8,8.19,8.42,8.42,334961.0,0.0,1.0
2020-06-24,8.42,8.9,8.19,8.48,8.48,221007.0,0.0,1.0
2020-06-23,8.62,8.63,8.08,8.3,8.3,178626.0,0.0,1.0
2020-06-22,8.26,8.95,8.26,8.64,8.64,427029.0,0.0,1.0
2020-06-19,10.71,12.78,9.01,9.38,9.38,4730036.0,0.0,1.0
2020-06-18,8.18,8.22,7.67,7.75,7.75,255045.0,0.0,1.0
2020-06-17,9.1,9.2,7.99,8.22,8.22,530246.0,0.0,1.0
2020-06-16,8.81,9.44,8.75,9.4,9.4,785474.0,0.0,1.0
2020-06-15,9.3,11.04,8.85,9.6,9.6,3287052.0,0.0,1.0
2020-06-12,7.55,15.6,7.55,8.58,8.58,19633411.0,0.0,1.0
2020-06-11,7.01,8.4,6.62,6.9,6.9,1096378.0,0.0,1.0
2020-06-10,12.71,16.186,9.55,9.88,9.88,4760612.0,0.0,1.0
2020-06-09,10.0,28.99,6.6,20.0,20.0,75742847.0,0.0,1.0
2020-06-08,2.01,2.2,2.01,2.1,2.1,1949.0,0.0,1.0
2020-06-05,2.06,2.1,2.06,2.08,2.08,7326.0,0.0,1.0
2020-06-04,2.13,2.205,2.12,2.137,2.137,1575.0,0.0,1.0
2020-06-03,2.17,2.17,2.02,2.162,2.162,2599.0,0.0,1.0
2020-06-02,2.0,2.168,1.92,1.97,1.97,4444.0,0.0,1.0
2020-06-01,2.0,2.07,2.0,2.05,2.05,3411.0,0.0,1.0
2020-05-29,2.151,2.151,2.121,2.121,2.121,936.0,0.0,1.0
2020-05-28,2.221,2.28,2.1,2.1,2.1,3117.0,0.0,1.0
2020-05-27,1.99,2.2,1.99,2.2,2.2,8085.0,0.0,1.0
2020-05-26,1.85,2.04,1.85,2.0,2.0,11852.0,0.0,1.0
2020-05-22,1.83,2.14,1.83,1.85,1.85,32321.0,0.0,1.0
2020-05-21,1.821,1.91,1.821,1.91,1.91,2188.0,0.0,1.0
2020-05-20,1.83,1.984,1.82,1.983,1.983,7102.0,0.0,1.0
2020-05-19,1.84,2.179,1.81,2.01,2.01,7785.0,0.0,1.0
2020-05-18,1.88,1.92,1.81,1.9,1.9,2976.0,0.0,1.0
2020-05-15,1.88,1.91,1.88,1.91,1.91,979.0,0.0,1.0
2020-05-14,1.9,1.95,1.81,1.934,1.934,7168.0,0.0,1.0
2020-05-13,2.05,2.05,1.95,1.95,1.95,1315.0,0.0,1.0
2020-05-12,1.977,2.086,1.977,2.001,2.001,3305.0,0.0,1.0
2020-05-11,2.2,2.258,1.941,2.14,2.14,14485.0,0.0,1.0
2020-05-08,2.0,2.133,2.0,2.12,2.12,6058.0,0.0,1.0
2020-05-07,1.99,2.16,1.99,2.13,2.13,4089.0,0.0,1.0
2020-05-06,2.145,2.21,2.12,2.16,2.16,2530.0,0.0,1.0
2020-05-05,2.33,2.33,2.33,2.33,2.33,255.0,0.0,1.0
2020-05-04,2.307,2.34,2.18,2.33,2.33,2802.0,0.0,1.0
2020-05-01,2.5,2.5,2.165,2.41,2.41,6270.0,0.0,1.0
2020-04-30,2.5,2.89,2.5,2.52,2.52,3187.0,0.0,1.0
2020-04-29,2.61,2.87,2.5,2.53,2.53,13379.0,0.0,1.0
2020-04-28,2.75,3.04,2.688,2.7,2.7,4271.0,0.0,1.0
2020-04-27,2.61,2.75,2.61,2.74,2.74,10317.0,0.0,1.0
2020-04-24,2.55,2.89,2.55,2.82,2.82,2983.0,0.0,1.0
2020-04-23,2.834,2.88,2.54,2.55,2.55,13965.0,0.0,1.0
2020-04-22,2.85,2.85,2.55,2.6,2.6,15280.0,0.0,1.0
2020-04-21,2.96,3.2,2.54,2.9,2.9,104623.0,0.0,1.0
2020-04-20,2.5,4.62,2.44,3.2,3.2,808968.0,0.0,1.0
2020-04-17,2.05,2.35,2.05,2.35,2.35,3236.0,0.0,1.0
2020-04-16,1.996,1.996,1.996,1.996,1.996,250.0,0.0,1.0
2020-04-15,2.0,2.0,2.0,2.0,2.0,139.0,0.0,1.0
2020-04-14,1.91,2.0,1.89,2.0,2.0,6575.0,0.0,1.0
2020-04-13,2.3,2.3,1.97,2.0,2.0,1684.0,0.0,1.0
2020-04-09,2.46,2.46,1.89,2.16,2.16,18867.0,0.0,1.0
2020-04-08,1.66,2.35,1.66,2.35,2.35,9033.0,0.0,1.0
2020-04-07,1.704,1.716,1.6,1.6,1.6,9122.0,0.0,1.0
2020-04-06,1.7,1.746,1.585,1.653,1.653,6198.0,0.0,1.0
2020-04-03,1.68,1.68,1.68,1.68,1.68,94.0,0.0,1.0
2020-04-02,1.69,1.69,1.6,1.68,1.68,2224.0,0.0,1.0
2020-04-01,1.85,1.85,1.71,1.75,1.75,6161.0,0.0,1.0
2020-03-31,1.77,1.884,1.77,1.81,1.81,2586.0,0.0,1.0
2020-03-30,1.92,2.14,1.76,1.76,1.76,6844.0,0.0,1.0
2020-03-27,1.832,1.832,1.832,1.832,1.832,33.0,0.0,1.0
2020-03-26,1.673,1.832,1.673,1.832,1.832,3355.0,0.0,1.0
2020-03-25,1.685,1.76,1.685,1.76,1.76,1426.0,0.0,1.0
2020-03-24,1.55,1.64,1.55,1.64,1.64,1502.0,0.0,1.0
2020-03-23,1.7,1.77,1.645,1.645,1.645,2184.0,0.0,1.0
2020-03-20,1.804,1.804,1.804,1.804,1.804,0.0,0.0,1.0
2020-03-19,1.783,1.804,1.783,1.804,1.804,401.0,0.0,1.0
2020-03-18,1.81,1.95,1.8,1.95,1.95,8117.0,0.0,1.0
2020-03-17,1.81,1.95,1.625,1.833,1.833,5124.0,0.0,1.0
2020-03-16,2.68,2.68,2.0,2.0,2.0,6135.0,0.0,1.0
2020-03-13,2.16,2.16,1.98,2.1,2.1,16938.0,0.0,1.0
2020-03-12,2.55,2.6,2.4,2.4,2.4,10441.0,0.0,1.0
2020-03-11,2.6,2.6,2.6,2.6,2.6,2327.0,0.0,1.0
2020-03-10,2.636,2.636,2.6,2.6,2.6,1485.0,0.0,1.0
2020-03-09,2.99,2.99,2.603,2.603,2.603,1360.0,0.0,1.0
2020-03-06,3.06,3.06,2.82,2.82,2.82,1891.0,0.0,1.0
2020-03-05,3.05,3.111,3.05,3.05,3.05,8159.0,0.0,1.0
2020-03-04,2.868,3.15,2.868,3.06,3.06,10547.0,0.0,1.0
2020-03-03,3.13,3.13,2.5,3.005,3.005,30385.0,0.0,1.0
2020-03-02,3.02,3.35,3.02,3.25,3.25,6208.0,0.0,1.0
2020-02-28,3.83,3.928,3.25,3.25,3.25,52170.0,0.0,1.0
2020-02-27,3.4,5.18,2.77,4.5,4.5,201273.0,0.0,1.0
2020-02-26,3.541,3.541,3.475,3.5,3.5,527.0,0.0,1.0
2020-02-25,3.75,3.75,3.42,3.47,3.47,7272.0,0.0,1.0
2020-02-24,3.717,4.098,3.71,3.77,3.77,8335.0,0.0,1.0
2020-02-21,3.77,3.92,3.76,3.86,3.86,14592.0,0.0,1.0
2020-02-20,3.759,3.81,3.74,3.81,3.81,9375.0,0.0,1.0
2020-02-19,3.72,3.72,3.72,3.72,3.72,7.0,0.0,1.0
2020-02-18,3.727,3.727,3.72,3.72,3.72,528.0,0.0,1.0
2020-02-14,3.52,3.724,3.515,3.724,3.724,834.0,0.0,1.0
2020-02-13,3.638,3.776,3.53,3.65,3.65,3344.0,0.0,1.0
2020-02-12,3.72,3.79,3.637,3.79,3.79,1002.0,0.0,1.0
2020-02-11,3.713,3.749,3.713,3.749,3.749,230.0,0.0,1.0
2020-02-10,3.63,3.63,3.63,3.63,3.63,80.0,0.0,1.0
2020-02-07,3.694,3.694,3.63,3.63,3.63,775.0,0.0,1.0
2020-02-06,3.66,3.68,3.64,3.68,3.68,2559.0,0.0,1.0
2020-02-05,3.6,3.6818,3.55,3.64,3.64,12639.0,0.0,1.0
2020-02-04,3.348,3.488,3.348,3.488,3.488,6125.0,0.0,1.0
2020-02-03,3.58,3.63,3.39,3.39,3.39,3733.0,0.0,1.0
2020-01-31,3.38,3.54,3.31,3.35,3.35,21472.0,0.0,1.0
2020-01-30,3.617,4.0456,3.4,3.4221,3.4221,31712.0,0.0,1.0
2020-01-29,3.49,3.49,3.45,3.47,3.47,15433.0,0.0,1.0
2020-01-28,3.69,4.05,3.477,3.6,3.6,45899.0,0.0,1.0
2020-01-27,3.45,3.458,3.45,3.45,3.45,2619.0,0.0,1.0
2020-01-24,3.46,3.46,3.46,3.46,3.46,0.0,0.0,1.0
2020-01-23,3.47,3.83,3.45,3.46,3.46,9014.0,0.0,1.0
2020-01-22,3.527,3.527,3.477,3.477,3.477,704.0,0.0,1.0
2020-01-21,3.52,3.577,3.466,3.577,3.577,1176.0,0.0,1.0
2020-01-17,3.55,3.71,3.5,3.52,3.52,17552.0,0.0,1.0
2020-01-16,3.52,3.637,3.45,3.46,3.46,7959.0,0.0,1.0
2020-01-15,3.541,3.69,3.48,3.52,3.52,8790.0,0.0,1.0
2020-01-14,3.66,3.74,3.489,3.53,3.53,10298.0,0.0,1.0
2020-01-13,3.8,3.82,3.556,3.7,3.7,14119.0,0.0,1.0
2020-01-10,3.78,3.78,3.55,3.72,3.72,11423.0,0.0,1.0
2020-01-09,3.57,3.7,3.46,3.7,3.7,21269.0,0.0,1.0
2020-01-08,3.698,3.9,3.62,3.62,3.62,31639.0,0.0,1.0
2020-01-07,3.57,3.6,3.57,3.595,3.595,755.0,0.0,1.0
2020-01-06,3.64,3.789,3.522,3.55,3.55,7192.0,0.0,1.0
2020-01-03,3.45,3.632,3.45,3.59,3.59,7340.0,0.0,1.0
2020-01-02,3.56,3.614,3.52,3.56,3.56,4341.0,0.0,1.0
2019-12-31,3.75,3.75,3.5,3.63,3.63,15123.0,0.0,1.0
2019-12-30,3.75,3.9,3.55,3.69,3.69,26381.0,0.0,1.0
2019-12-27,3.38,3.738,3.37,3.65,3.65,23921.0,0.0,1.0
2019-12-26,3.2,3.47,3.2,3.47,3.47,6226.0,0.0,1.0
2019-12-24,3.39,3.39,3.39,3.39,3.39,1006.0,0.0,1.0
2019-12-23,3.357,3.357,3.34,3.353,3.353,2300.0,0.0,1.0
2019-12-20,3.46,3.57,3.32,3.45,3.45,16961.0,0.0,1.0
2019-12-19,3.58,3.64,3.43,3.43,3.43,24580.0,0.0,1.0
2019-12-18,3.84,3.84,3.55,3.65,3.65,15030.0,0.0,1.0
2019-12-17,3.81,3.82,3.803,3.82,3.82,529.0,0.0,1.0
2019-12-16,3.921,4.072,3.84,3.88,3.88,44124.0,0.0,1.0
2019-12-13,3.82,3.82,3.82,3.82,3.82,285.0,0.0,1.0
2019-12-12,3.868,3.868,3.868,3.868,3.868,0.0,0.0,1.0
2019-12-11,3.789,3.868,3.789,3.868,3.868,1225.0,0.0,1.0
2019-12-10,4.02,4.055,3.95,3.95,3.95,16491.0,0.0,1.0
2019-12-09,3.95,4.09,3.95,4.02,4.02,8243.0,0.0,1.0
2019-12-06,3.96,3.995,3.95,3.995,3.995,8911.0,0.0,1.0
2019-12-05,4.037,4.05,3.95,3.95,3.95,46983.0,0.0,1.0
2019-12-04,3.95,4.179,3.89,3.99,3.99,59452.0,0.0,1.0
2019-12-03,3.76,3.76,3.62,3.74,3.74,27371.0,0.0,1.0
2019-12-02,3.61,3.98,3.61,3.8,3.8,60850.0,0.0,1.0
2019-11-29,3.6,3.65,3.55,3.64,3.64,4210.0,0.0,1.0
2019-11-27,3.61,3.64,3.495,3.6,3.6,7657.0,0.0,1.0
2019-11-26,3.48,3.53,3.45,3.5,3.5,2606.0,0.0,1.0
2019-11-25,3.385,3.6,3.385,3.474,3.474,706.0,0.0,1.0
2019-11-22,3.403,3.41,3.4,3.41,3.41,3530.0,0.0,1.0
2019-11-21,3.46,3.55,3.33,3.35,3.35,11103.0,0.0,1.0
2019-11-20,3.432,3.51,3.36,3.36,3.36,4387.0,0.0,1.0
2019-11-19,3.315,3.45,3.315,3.42,3.42,2767.0,0.0,1.0
2019-11-18,3.4,3.42,3.34,3.4,3.4,5133.0,0.0,1.0
2019-11-15,3.467,3.514,3.467,3.514,3.514,6807.0,0.0,1.0
2019-11-14,3.524,3.524,3.524,3.524,3.524,95.0,0.0,1.0
2019-11-13,3.55,3.55,3.4,3.524,3.524,22008.0,0.0,1.0
2019-11-12,3.66,3.66,3.57,3.62,3.62,4988.0,0.0,1.0
2019-11-11,3.71,3.83,3.55,3.7,3.7,65708.0,0.0,1.0
2019-11-08,3.8,3.88,3.57,3.79,3.79,70109.0,0.0,1.0
2019-11-07,3.75,4.229,3.55,3.92,3.92,142919.0,0.0,1.0
2019-11-06,3.54,3.74,3.48,3.74,3.74,57738.0,0.0,1.0
2019-11-05,3.408,3.408,3.327,3.327,3.327,4897.0,0.0,1.0
2019-11-04,3.32,3.413,3.316,3.35,3.35,9623.0,0.0,1.0
2019-11-01,3.3,3.4,3.2,3.35,3.35,8999.0,0.0,1.0
2019-10-31,3.35,3.35,3.24,3.323,3.323,2242.0,0.0,1.0
2019-10-30,3.36,3.36,3.25,3.25,3.25,1716.0,0.0,1.0
2019-10-29,3.24,3.38,3.22,3.35,3.35,4592.0,0.0,1.0
2019-10-28,3.35,3.35,3.27,3.27,3.27,7163.0,0.0,1.0
2019-10-25,3.339,3.348,3.21,3.348,3.348,6252.0,0.0,1.0
2019-10-24,3.45,3.55,3.33,3.34,3.34,19985.0,0.0,1.0
2019-10-23,3.38,3.49,3.38,3.446,3.446,13911.0,0.0,1.0
2019-10-22,3.39,3.5,3.32,3.41,3.41,53405.0,0.0,1.0
2019-10-21,3.27,3.309,3.25,3.25,3.25,7015.0,0.0,1.0
2019-10-18,3.322,3.37,3.25,3.32,3.32,9163.0,0.0,1.0
2019-10-17,3.27,3.35,3.24,3.24,3.24,18696.0,0.0,1.0
2019-10-16,3.25,3.37,3.1,3.35,3.35,35280.0,0.0,1.0
2019-10-15,3.19,3.266,3.05,3.23,3.23,83576.0,0.0,1.0
2019-10-14,3.26,3.4,3.08,3.1,3.1,445513.0,0.0,1.0
2019-10-11,2.97,3.143,2.97,3.08,3.08,10900.0,0.0,1.0
2019-10-10,2.95,3.09,2.85,2.965,2.965,12064.0,0.0,1.0
2019-10-09,2.99,3.025,2.96,3.0,3.0,8716.0,0.0,1.0
2019-10-08,3.15,3.15,2.79,3.0,3.0,43144.0,0.0,1.0
2019-10-07,3.05,3.2,2.95,3.2,3.2,29932.0,0.0,1.0
2019-10-04,3.076,3.138,3.0,3.138,3.138,38497.0,0.0,1.0
2019-10-03,2.92,3.068,2.82,3.0,3.0,170064.0,0.0,1.0
2019-10-02,3.55,3.65,2.87,3.03,3.03,2406172.0,0.0,1.0
2019-10-01,2.95,2.95,2.68,2.68,2.68,7166.0,0.0,1.0
2019-09-30,2.7,2.98,2.7,2.98,2.98,10606.0,0.0,1.0
2019-09-27,2.59,2.628,2.53,2.628,2.628,2732.0,0.0,1.0
2019-09-26,2.53,2.59,2.53,2.56,2.56,12253.0,0.0,1.0
2019-09-25,2.67,2.68,2.46,2.6,2.6,21281.0,0.0,1.0
2019-09-24,2.72,2.74,2.67,2.7,2.7,9500.0,0.0,1.0
2019-09-23,2.7,2.76,2.64,2.7,2.7,12701.0,0.0,1.0
2019-09-20,2.8,2.8,2.75,2.76,2.76,4545.0,0.0,1.0
2019-09-19,2.821,2.85,2.7,2.75,2.75,13556.0,0.0,1.0
2019-09-18,2.754,2.84,2.72,2.84,2.84,9003.0,0.0,1.0
2019-09-17,2.73,2.85,2.69,2.83,2.83,10306.0,0.0,1.0
2019-09-16,2.85,2.89,2.82,2.89,2.89,1875.0,0.0,1.0
2019-09-13,2.754,2.93,2.754,2.89,2.89,1867.0,0.0,1.0
2019-09-12,3.07,3.07,2.75,2.75,2.75,2418.0,0.0,1.0
2019-09-11,2.925,3.084,2.795,2.84,2.84,5014.0,0.0,1.0
2019-09-10,2.83,2.91,2.75,2.827,2.827,3092.0,0.0,1.0
2019-09-09,2.8,2.94,2.74,2.94,2.94,5128.0,0.0,1.0
2019-09-06,2.777,2.904,2.66,2.72,2.72,9386.0,0.0,1.0
2019-09-05,2.83,3.0,2.65,2.89,2.89,10354.0,0.0,1.0
2019-09-04,2.95,3.322,2.75,2.96,2.96,56838.0,0.0,1.0
2019-09-03,2.7,2.78,2.55,2.7,2.7,23178.0,0.0,1.0
2019-08-30,2.71,3.01,2.66,2.7,2.7,18893.0,0.0,1.0
2019-08-29,2.8,3.09,2.66,2.739,2.739,32058.0,0.0,1.0
2019-08-28,2.663,2.739,2.663,2.71,2.71,8403.0,0.0,1.0
2019-08-27,2.69,2.69,2.65,2.68,2.68,3890.0,0.0,1.0
2019-08-26,2.68,2.71,2.65,2.65,2.65,12313.0,0.0,1.0
2019-08-23,2.651,2.671,2.231,2.671,2.671,20806.0,0.0,1.0
2019-08-22,2.64,2.739,2.64,2.71,2.71,14566.0,0.0,1.0
2019-08-21,2.76,2.94,2.51,2.56,2.56,25346.0,0.0,1.0
2019-08-20,2.95,2.95,2.75,2.75,2.75,7902.0,0.0,1.0
2019-08-19,2.804,2.907,2.75,2.84,2.84,6485.0,0.0,1.0
2019-08-16,3.04,3.04,2.84,2.85,2.85,3381.0,0.0,1.0
2019-08-15,2.882,3.04,2.88,2.95,2.95,5931.0,0.0,1.0
2019-08-14,2.97,3.1,2.7,3.1,3.1,27197.0,0.0,1.0
2019-08-13,2.96,3.185,2.95,3.18,3.18,20156.0,0.0,1.0
2019-08-12,3.19,3.38,2.865,2.98,2.98,28704.0,0.0,1.0
2019-08-09,3.0,3.43,2.98,3.25,3.25,8161.0,0.0,1.0
2019-08-08,3.25,3.68,2.59,3.02,3.02,102241.0,0.0,1.0
2019-08-07,3.1,3.269,3.1,3.23,3.23,4229.0,0.0,1.0
2019-08-06,3.05,3.55,3.01,3.15,3.15,21892.0,0.0,1.0
2019-08-05,3.06,3.46,3.06,3.168,3.168,20573.0,0.0,1.0
2019-08-02,3.2,3.276,3.0,3.21,3.21,25597.0,0.0,1.0
2019-08-01,3.56,3.6,3.2,3.205,3.205,25530.0,0.0,1.0
2019-07-31,3.69,3.7,3.56,3.57,3.57,27395.0,0.0,1.0
2019-07-30,3.68,3.89,3.6,3.72,3.72,25886.0,0.0,1.0
2019-07-29,3.69,3.82,3.5,3.64,3.64,49611.0,0.0,1.0
2019-07-26,3.24,3.792,3.24,3.68,3.68,105272.0,0.0,1.0
2019-07-25,3.284,3.375,3.2,3.2,3.2,29444.0,0.0,1.0
2019-07-24,3.06,3.33,3.06,3.25,3.25,39654.0,0.0,1.0
2019-07-23,3.18,3.2,3.0,3.09,3.09,53702.0,0.0,1.0
2019-07-22,3.26,3.4,3.2,3.2,3.2,67389.0,0.0,1.0
2019-07-19,3.682,3.682,3.05,3.05,3.05,77135.0,0.0,1.0
2019-07-18,3.78,3.78,3.51,3.6,3.6,52034.0,0.0,1.0
2019-07-17,3.8,3.87,3.59,3.75,3.75,525704.0,0.0,1.0
2019-07-16,6.54,7.25,4.06,4.3,4.3,11118167.0,0.0,1.0
2019-07-15,2.91,3.0,2.91,2.93,2.93,4704.0,0.0,1.0
2019-07-12,2.82,2.963,2.82,2.94,2.94,1868.0,0.0,1.0
2019-07-11,2.921,2.935,2.9,2.9,2.9,8077.0,0.0,1.0
2019-07-10,3.0,3.025,2.98,2.98,2.98,7048.0,0.0,1.0
2019-07-09,3.076,3.076,2.95,2.98,2.98,2174.0,0.0,1.0
2019-07-08,3.01,3.05,2.96,2.96,2.96,9475.0,0.0,1.0
2019-07-05,3.1,3.11,3.0,3.01,3.01,20017.0,0.0,1.0
2019-07-03,3.17,3.18,2.96,3.0,3.0,17998.0,0.0,1.0
2019-07-02,2.9,3.215,2.9,3.17,3.17,19355.0,0.0,1.0
2019-07-01,3.167,3.295,2.89,2.89,2.89,21042.0,0.0,1.0
2019-06-28,3.15,3.344,3.15,3.19,3.19,5428.0,0.0,1.0
2019-06-27,3.2,3.2,3.07,3.11,3.11,6141.0,0.0,1.0
2019-06-26,3.0,3.176,3.0,3.129,3.129,2671.0,0.0,1.0
2019-06-25,3.069,3.44,3.01,3.085,3.085,34018.0,0.0,1.0
2019-06-24,3.1,3.1,2.91,2.98,2.98,18928.0,0.0,1.0
2019-06-21,3.0,3.1,2.99,3.1,3.1,17950.0,0.0,1.0
2019-06-20,3.08,3.0843,2.865,2.95,2.95,22126.0,0.0,1.0
2019-06-19,3.4,3.4,2.9,3.02,3.02,28198.0,0.0,1.0
2019-06-18,3.0,3.25,2.9,2.96,2.96,111403.0,0.0,1.0
2019-06-17,2.794,2.978,2.384,2.56,2.56,111679.0,0.0,1.0
2019-06-14,2.97,2.97,2.75,2.8,2.8,65384.0,0.0,1.0
2019-06-13,3.35,3.39,2.86,3.0,3.0,271343.0,0.0,1.0
2019-06-12,3.5,6.8,3.33,3.55,3.55,3283968.0,0.0,1.0
2019-06-11,3.16,3.16,2.811,3.1,3.1,13840.0,0.0,1.0
2019-06-10,3.18,3.45,3.16,3.32,3.32,13484.0,0.0,1.0
2019-06-07,3.0,3.2,3.0,3.0999,3.0999,14247.0,0.0,1.0
2019-06-06,3.33,3.33,2.9,2.95,2.95,33303.0,0.0,1.0
2019-06-05,3.46,3.673,3.33,3.423,3.423,11050.0,0.0,1.0
2019-06-04,3.4832,3.5,3.35,3.5,3.5,4994.0,0.0,1.0
2019-06-03,3.25,3.394,3.25,3.394,3.394,1101.0,0.0,1.0
2019-05-31,3.41,3.5,3.31,3.46,3.46,13582.0,0.0,1.0
2019-05-30,3.562,3.562,3.39,3.493,3.493,17210.0,0.0,1.0
2019-05-29,3.594,3.6,3.18,3.39,3.39,30753.0,0.0,1.0
2019-05-28,3.85,3.99,3.7,3.85,3.85,55720.0,0.0,1.0
2019-05-24,3.75,3.75,3.499,3.66,3.66,123796.0,0.0,1.0
2019-05-23,5.04,5.04,4.95,5.03,5.03,1004.0,0.0,1.0
2019-05-22,5.35,5.35,4.91,5.04,5.04,1375.0,0.0,1.0
2019-05-21,5.12,5.12,4.84,5.12,5.12,1782.0,0.0,1.0
2019-05-20,5.28,5.28,5.28,5.28,5.28,207.0,0.0,1.0
2019-05-17,4.9,4.99,4.8,4.99,4.99,928.0,0.0,1.0
2019-05-16,4.81,4.99,4.8,4.99,4.99,600.0,0.0,1.0
2019-05-15,5.0,5.1,4.87,5.09,5.09,2447.0,0.0,1.0
2019-05-14,5.53,5.53,5.0,5.249,5.249,2981.0,0.0,1.0
2019-05-13,4.734,4.95,4.71,4.95,4.95,3012.0,0.0,1.0
2019-05-10,4.75,4.916,4.61,4.891,4.891,1471.0,0.0,1.0
2019-05-09,4.82,4.83,4.82,4.82,4.82,1076.0,0.0,1.0
2019-05-08,5.0,5.23,4.62,4.99,4.99,13720.0,0.0,1.0
2019-05-07,5.09,5.09,4.89,4.97,4.97,4182.0,0.0,1.0
2019-05-06,5.058,5.185,5.01,5.144,5.144,4978.0,0.0,1.0
2019-05-03,5.989,5.989,5.01,5.4,5.4,3316.0,0.0,1.0
2019-05-02,5.972,5.972,5.634,5.77,5.77,1589.0,0.0,1.0
2019-05-01,5.8,5.989,5.621,5.989,5.989,2984.0,0.0,1.0
2019-04-30,6.11,6.11,5.69,5.69,5.69,820.0,0.0,1.0
2019-04-29,6.0,6.32,6.0,6.006,6.006,950.0,0.0,1.0
2019-04-26,5.36,5.7888,5.3366,5.7888,5.7888,990.0,0.0,1.0
2019-04-25,5.673,5.7,5.41,5.55,5.55,9693.0,0.0,1.0
2019-04-24,5.55,5.55,5.55,5.55,5.55,58.0,0.0,1.0
2019-04-23,5.41,5.75,5.4,5.55,5.55,6984.0,0.0,1.0
2019-04-22,5.82,5.84,5.31,5.31,5.31,4338.0,0.0,1.0
2019-04-18,5.99,5.99,5.75,5.822,5.822,2794.0,0.0,1.0
2019-04-17,6.0,6.101,5.79,5.79,5.79,3338.0,0.0,1.0
2019-04-16,6.0,6.27,6.0,6.0,6.0,7944.0,0.0,1.0
2019-04-15,7.35,7.577,6.32,6.32,6.32,24639.0,0.0,1.0
2019-04-12,7.2,7.8,6.6,7.0,7.0,60766.0,0.0,1.0
2019-04-11,5.0,6.1,5.0,6.0,6.0,73996.0,0.0,1.0
2019-04-10,5.136,5.136,4.85,4.85,4.85,1253.0,0.0,1.0
2019-04-09,5.176,5.176,4.87,5.15,5.15,1141.0,0.0,1.0
2019-04-08,5.49,5.49,5.2,5.235,5.235,1163.0,0.0,1.0
2019-04-05,5.81,5.9,5.33,5.49,5.49,4635.0,0.0,1.0
2019-04-04,5.5,5.99,5.14,5.81,5.81,6614.0,0.0,1.0
2019-04-03,5.8,5.8,5.677,5.8,5.8,1275.0,0.0,1.0
2019-04-02,5.7,6.019,5.7,6.019,6.019,1212.0,0.0,1.0
2019-04-01,5.717,5.717,5.269,5.54,5.54,2254.0,0.0,1.0
2019-03-29,6.089,6.089,5.88,5.916,5.916,869.0,0.0,1.0
2019-03-28,6.25,6.25,5.601,6.1,6.1,7911.0,0.0,1.0
2019-03-27,6.3,6.488,6.08,6.488,6.488,832.0,0.0,1.0
2019-03-26,6.77,6.77,6.6,6.6,6.6,300.0,0.0,1.0
2019-03-25,6.95,6.95,6.95,6.95,6.95,3.0,0.0,1.0
2019-03-22,6.95,6.95,6.95,6.95,6.95,55.0,0.0,1.0
2019-03-21,6.95,6.95,6.95,6.95,6.95,15.0,0.0,1.0
2019-03-20,6.935,7.186,6.9,6.95,6.95,704.0,0.0,1.0
2019-03-19,6.76,7.3461,6.75,7.28,7.28,2354.0,0.0,1.0
2019-03-18,6.41,7.057,6.41,6.793,6.793,8687.0,0.0,1.0
2019-03-15,7.06,7.07,7.06,7.07,7.07,450.0,0.0,1.0
2019-03-14,6.88,7.071,6.66,7.071,7.071,2276.0,0.0,1.0
2019-03-13,6.338,6.97,6.338,6.97,6.97,1379.0,0.0,1.0
2019-03-12,6.7,6.7,6.7,6.7,6.7,380.0,0.0,1.0
2019-03-11,7.15,7.15,7.15,7.15,7.15,0.0,0.0,1.0
2019-03-08,7.15,7.15,7.15,7.15,7.15,180.0,0.0,1.0
2019-03-07,7.33,7.33,7.33,7.33,7.33,190.0,0.0,1.0
2019-03-06,7.02,7.02,6.49,6.98,6.98,4305.0,0.0,1.0
2019-03-05,7.4,7.4,6.751,6.751,6.751,6338.0,0.0,1.0
2019-03-04,7.609,7.609,7.609,7.609,7.609,103.0,0.0,1.0
2019-03-01,7.56,7.56,7.1,7.236,7.236,1494.0,0.0,1.0
2019-02-28,7.568,7.568,7.568,7.568,7.568,230.0,0.0,1.0
2019-02-27,7.88,7.88,7.08,7.568,7.568,2862.0,0.0,1.0
2019-02-26,7.712,7.9,7.712,7.892,7.892,2303.0,0.0,1.0
2019-02-25,8.0851,8.0851,8.0851,8.0851,8.0851,60.0,0.0,1.0
2019-02-22,7.6231,8.0851,7.6,8.0851,8.0851,2232.0,0.0,1.0
2019-02-21,8.45,8.45,8.1,8.1,8.1,1614.0,0.0,1.0
2019-02-20,7.918,7.918,7.918,7.918,7.918,316.0,0.0,1.0
2019-02-19,7.5,8.0151,7.5,7.9766,7.9766,1005.0,0.0,1.0
2019-02-15,7.956,7.956,7.956,7.956,7.956,119.0,0.0,1.0
2019-02-14,8.2,8.2,8.2,8.2,8.2,465.0,0.0,1.0
2019-02-13,8.25,8.25,8.25,8.25,8.25,0.0,0.0,1.0
2019-02-12,7.67,8.253,7.67,8.25,8.25,10250.0,0.0,1.0
2019-02-11,7.41,7.67,7.41,7.655,7.655,2168.0,0.0,1.0
2019-02-08,7.67,7.67,7.67,7.67,7.67,14.0,0.0,1.0
2019-02-07,7.2,7.67,7.2,7.67,7.67,2773.0,0.0,1.0
2019-02-06,7.078,7.11,7.078,7.11,7.11,1243.0,0.0,1.0
2019-02-05,7.15,7.15,7.15,7.15,7.15,20.0,0.0,1.0
2019-02-04,7.15,7.15,7.15,7.15,7.15,59.0,0.0,1.0
2019-02-01,7.15,7.15,7.15,7.15,7.15,100.0,0.0,1.0
2019-01-31,7.116,7.116,6.533,6.716,6.716,1548.0,0.0,1.0
2019-01-30,7.25,7.25,7.25,7.25,7.25,1003.0,0.0,1.0
2019-01-29,6.84,7.079,6.84,7.079,7.079,446.0,0.0,1.0
2019-01-28,6.7,6.827,6.7,6.827,6.827,1942.0,0.0,1.0
2019-01-25,6.673,6.887,6.673,6.887,6.887,231.0,0.0,1.0
2019-01-24,7.0,7.0,6.35,6.482,6.482,3162.0,0.0,1.0
2019-01-23,6.85,7.38,6.85,7.38,7.38,407.0,0.0,1.0
2019-01-22,7.1456,7.18,6.66,7.0703,7.0703,8366.0,0.0,1.0
2019-01-18,7.304,7.66,7.009,7.408,7.408,3400.0,0.0,1.0
2019-01-17,7.605,7.605,6.824,7.217,7.217,2934.0,0.0,1.0
2019-01-16,7.035,7.676,7.035,7.35,7.35,2223.0,0.0,1.0
2019-01-15,7.514,7.677,7.172,7.532,7.532,844.0,0.0,1.0
2019-01-14,7.72,7.72,7.72,7.72,7.72,2.0,0.0,1.0
2019-01-11,8.0,8.463,7.68,7.72,7.72,3932.0,0.0,1.0
2019-01-10,7.457,7.966,7.457,7.966,7.966,230.0,0.0,1.0
2019-01-09,6.801,7.138,6.4,6.981,6.981,1100.0,0.0,1.0
2019-01-08,7.05,7.06,7.05,7.06,7.06,2033.0,0.0,1.0
2019-01-07,7.15,7.364,7.05,7.05,7.05,3199.0,0.0,1.0
2019-01-04,6.77,7.646,6.77,7.646,7.646,1541.0,0.0,1.0
2019-01-03,5.8,6.43,5.8,6.418,6.418,3481.0,0.0,1.0
2019-01-02,5.8225,5.8225,5.8,5.8056,5.8056,808.0,0.0,1.0
2018-12-31,5.8,5.8,5.8,5.8,5.8,51.0,0.0,1.0
2018-12-28,5.7478,5.8,5.7478,5.8,5.8,1701.0,0.0,1.0
2018-12-27,5.844,5.844,5.844,5.844,5.844,0.0,0.0,1.0
2018-12-26,5.844,5.844,5.844,5.844,5.844,417.0,0.0,1.0
2018-12-24,5.48,5.48,5.48,5.48,5.48,57.0,0.0,1.0
2018-12-21,5.73,5.73,5.264,5.48,5.48,956.0,0.0,1.0
2018-12-20,6.68,6.8,6.2,6.219,6.219,2592.0,0.0,1.0
2018-12-19,7.21,7.25,6.0801,6.5,6.5,2581.0,0.0,1.0
2018-12-18,7.343,7.343,6.7,7.03,7.03,2233.0,0.0,1.0
2018-12-17,7.2027,7.2027,6.724,7.0853,7.0853,4016.0,0.0,1.0
2018-12-14,7.34,7.357,7.136,7.2,7.2,2332.0,0.0,1.0
2018-12-13,7.58,7.58,7.16,7.31,7.31,1701.0,0.0,1.0
2018-12-12,7.4,8.192,7.4,7.75,7.75,3103.0,0.0,1.0
2018-12-11,7.715,7.75,7.11,7.35,7.35,7336.0,0.0,1.0
2018-12-10,7.42,7.7,7.2,7.4,7.4,13940.0,0.0,1.0
2018-12-07,7.68,7.99,7.4,7.4,7.4,3805.0,0.0,1.0
2018-12-06,8.7,8.7,7.39,7.8,7.8,5881.0,0.0,1.0
2018-12-04,8.25,8.79,8.25,8.79,8.79,206.0,0.0,1.0
2018-12-03,7.56,8.027,7.545,7.739,7.739,3706.0,0.0,1.0
2018-11-30,7.44,7.516,7.22,7.516,7.516,2405.0,0.0,1.0
2018-11-29,7.16,8.5,7.16,7.3,7.3,1450.0,0.0,1.0
2018-11-28,7.61,7.703,7.43,7.703,7.703,817.0,0.0,1.0
2018-11-27,7.994,7.994,7.994,7.994,7.994,1.0,0.0,1.0
2018-11-26,7.994,7.994,7.994,7.994,7.994,32.0,0.0,1.0
2018-11-23,7.9938,7.9938,7.9938,7.9938,7.9938,201.0,0.0,1.0
2018-11-21,7.994,7.994,7.994,7.994,7.994,0.0,0.0,1.0
2018-11-20,7.994,7.994,7.994,7.994,7.994,201.0,0.0,1.0
2018-11-19,7.927,7.927,7.927,7.927,7.927,265.0,0.0,1.0
2018-11-16,7.9,7.9,7.9,7.9,7.9,0.0,0.0,1.0
2018-11-15,8.1,8.1,7.65,7.9,7.9,2061.0,0.0,1.0
2018-11-14,8.472,8.522,7.62,8.125,8.125,1925.0,0.0,1.0
2018-11-13,9.062,9.062,9.062,9.062,9.062,1.0,0.0,1.0
2018-11-12,9.062,9.062,9.062,9.062,9.062,206.0,0.0,1.0
2018-11-09,7.85,9.25,7.85,9.062,9.062,1711.0,0.0,1.0
2018-11-08,7.759,7.759,7.759,7.759,7.759,177.0,0.0,1.0
2018-11-07,8.025,8.025,8.025,8.025,8.025,0.0,0.0,1.0
2018-11-06,7.51,8.025,7.51,8.025,8.025,1173.0,0.0,1.0
2018-11-05,7.55,7.6,7.5,7.6,7.6,1399.0,0.0,1.0
2018-11-02,7.55,7.6,7.55,7.6,7.6,200.0,0.0,1.0
2018-11-01,7.35,7.533,7.35,7.36,7.36,940.0,0.0,1.0
2018-10-31,7.4,7.582,7.2,7.53,7.53,6302.0,0.0,1.0
2018-10-30,7.43,7.5,7.4,7.4,7.4,1635.0,0.0,1.0
2018-10-29,7.84,7.84,7.2,7.21,7.21,2828.0,0.0,1.0
2018-10-26,7.719,7.75,7.379,7.4,7.4,6769.0,0.0,1.0
2018-10-25,8.31,8.494,7.11,7.45,7.45,14600.0,0.0,1.0
2018-10-24,7.96,8.257,7.96,8.257,8.257,655.0,0.0,1.0
2018-10-23,7.9,7.9,7.75,7.75,7.75,322.0,0.0,1.0
2018-10-22,8.38,8.38,8.09,8.09,8.09,511.0,0.0,1.0
2018-10-19,9.012,9.012,9.012,9.012,9.012,0.0,0.0,1.0
2018-10-18,9.012,9.012,9.012,9.012,9.012,6.0,0.0,1.0
2018-10-17,8.52,9.012,8.44,9.012,9.012,554.0,0.0,1.0
2018-10-16,8.0,8.305,8.0,8.305,8.305,1341.0,0.0,1.0
2018-10-15,8.06,8.094,7.9,8.0,8.0,6348.0,0.0,1.0
2018-10-12,7.839,8.078,7.8,7.8,7.8,1719.0,0.0,1.0
2018-10-11,7.99,7.99,7.99,7.99,7.99,115.0,0.0,1.0
2018-10-10,8.0,8.09,8.0,8.04,8.04,2483.0,0.0,1.0
2018-10-09,7.99,8.0,7.99,8.0,8.0,370.0,0.0,1.0
2018-10-08,8.5,8.6,7.72,8.183,8.183,9883.0,0.0,1.0
2018-10-05,8.98,9.0,8.5,9.0,9.0,1875.0,0.0,1.0
2018-10-04,9.189,9.189,9.189,9.189,9.189,53.0,0.0,1.0
2018-10-03,9.02,9.189,8.98,9.189,9.189,1430.0,0.0,1.0
2018-10-02,9.25,9.269,8.98,8.98,8.98,2402.0,0.0,1.0
2018-10-01,9.546,9.546,9.546,9.546,9.546,114.0,0.0,1.0
2018-09-28,9.546,9.546,9.546,9.546,9.546,70.0,0.0,1.0
2018-09-27,9.5,10.11,9.5,9.546,9.546,6025.0,0.0,1.0
2018-09-26,9.38,9.95,9.38,9.6,9.6,3520.0,0.0,1.0
2018-09-25,9.288,9.859,9.288,9.51,9.51,8417.0,0.0,1.0
2018-09-24,9.95,9.95,9.3,9.732,9.732,7914.0,0.0,1.0
2018-09-21,9.6,10.1,9.6,9.849,9.849,1889.0,0.0,1.0
2018-09-20,10.149,10.149,9.47,9.6,9.6,4904.0,0.0,1.0
2018-09-19,9.3,9.6,9.3,9.6,9.6,3078.0,0.0,1.0
2018-09-18,9.2,9.309,9.2,9.309,9.309,1311.0,0.0,1.0
2018-09-17,9.11,9.142,9.11,9.12,9.12,2838.0,0.0,1.0
2018-09-14,9.1,9.1,9.1,9.1,9.1,1.0,0.0,1.0
2018-09-13,8.99,9.401,8.99,9.1,9.1,4315.0,0.0,1.0
2018-09-12,9.27,9.32,8.546,8.989,8.989,17700.0,0.0,1.0
2018-09-11,9.7635,9.9333,9.1857,9.8805,9.8805,3709.0,0.0,1.0
2018-09-10,9.41,9.623,9.05,9.62,9.62,2819.0,0.0,1.0
2018-09-07,10.15,10.15,9.419,9.419,9.419,600.0,0.0,1.0
2018-09-06,9.43,9.498,9.42,9.498,9.498,435.0,0.0,1.0
2018-09-05,9.647,9.82,9.61,9.65,9.65,4427.0,0.0,1.0
2018-09-04,9.681,9.681,9.58,9.58,9.58,3611.0,0.0,1.0
2018-08-31,9.503,9.686,9.503,9.686,9.686,1258.0,0.0,1.0
2018-08-30,9.71,9.72,9.65,9.65,9.65,4289.0,0.0,1.0
2018-08-29,9.71,9.72,9.61,9.61,9.61,6122.0,0.0,1.0
2018-08-28,9.6,9.65,9.6,9.6,9.6,1278.0,0.0,1.0
2018-08-27,9.6,9.6,9.529,9.529,9.529,4191.0,0.0,1.0
2018-08-24,9.7,9.75,9.7,9.75,9.75,6300.0,0.0,1.0
2018-08-23,10.0,10.0,9.9,9.9,9.9,704.0,0.0,1.0
2018-08-22,10.101,10.101,10.101,10.101,10.101,82.0,0.0,1.0
2018-08-21,10.101,10.101,10.101,10.101,10.101,1100.0,0.0,1.0
2018-08-20,9.66,10.13,9.66,9.67,9.67,1606.0,0.0,1.0
2018-08-17,9.664,9.686,9.66,9.66,9.66,1151.0,0.0,1.0
2018-08-16,9.52,9.52,9.52,9.52,9.52,540.0,0.0,1.0
2018-08-15,9.52,9.607,9.016,9.35,9.35,7435.0,0.0,1.0
2018-08-14,10.1,10.19,9.992,9.992,9.992,1435.0,0.0,1.0
2018-08-13,9.851,9.851,9.851,9.851,9.851,149.0,0.0,1.0
2018-08-10,10.199,10.199,9.709,10.17,10.17,1248.0,0.0,1.0
2018-08-09,10.02,10.437,9.908,10.2,10.2,3828.0,0.0,1.0
2018-08-08,10.59,10.59,9.893,10.56,10.56,558.0,0.0,1.0
2018-08-07,10.14,10.4,9.7,9.7,9.7,1281.0,0.0,1.0
2018-08-06,10.14,10.4,9.798,10.4,10.4,3551.0,0.0,1.0
2018-08-03,10.08,10.26,10.01,10.01,10.01,1470.0,0.0,1.0
2018-08-02,9.8,9.8,9.8,9.8,9.8,589.0,0.0,1.0
2018-08-01,9.65,9.841,9.49,9.6,9.6,8461.0,0.0,1.0
2018-07-31,9.68,9.68,9.1,9.49,9.49,4364.0,0.0,1.0
2018-07-30,10.5,10.7,9.87,10.636,10.636,4354.0,0.0,1.0
2018-07-27,11.558,11.687,10.653,10.86,10.86,8383.0,0.0,1.0
2018-07-26,11.99,11.99,10.71,11.54,11.54,27500.0,0.0,1.0
2018-07-25,11.11,14.29,11.11,11.7,11.7,58194.0,0.0,1.0
2018-07-24,11.56,11.833,11.01,11.285,11.285,20859.0,0.0,1.0
2018-07-23,11.94,11.94,10.54,10.99,10.99,6730.0,0.0,1.0
2018-07-20,10.768,11.428,10.55,10.85,10.85,5086.0,0.0,1.0
2018-07-19,11.2,11.2,10.31,10.39,10.39,4619.0,0.0,1.0
2018-07-18,11.733,11.733,10.252,11.0,11.0,5314.0,0.0,1.0
2018-07-17,11.27,11.27,10.48,11.07,11.07,10772.0,0.0,1.0
2018-07-16,11.3,11.3,10.52,11.165,11.165,15091.0,0.0,1.0
2018-07-13,11.99,12.5,10.93,11.4,11.4,29946.0,0.0,1.0
2018-07-12,10.878,12.445,10.55,12.445,12.445,18087.0,0.0,1.0
2018-07-11,10.65,10.65,10.4,10.631,10.631,6444.0,0.0,1.0
2018-07-10,10.53,10.6,9.906,10.3,10.3,3436.0,0.0,1.0
2018-07-09,10.55,10.55,10.33,10.35,10.35,5560.0,0.0,1.0
2018-07-06,9.85,10.58,9.85,10.021,10.021,4468.0,0.0,1.0
2018-07-05,10.65,10.9,10.5462,10.8381,10.8381,925.0,0.0,1.0
2018-07-03,10.45,10.45,10.45,10.45,10.45,110.0,0.0,1.0
2018-07-02,10.15,10.39,10.15,10.339,10.339,2580.0,0.0,1.0
2018-06-29,10.5,10.55,9.62,10.16,10.16,7756.0,0.0,1.0
2018-06-28,10.65,10.65,10.549,10.549,10.549,1851.0,0.0,1.0
2018-06-27,10.2,10.97,10.2,10.49,10.49,12115.0,0.0,1.0
2018-06-26,10.3,10.616,9.658,10.0,10.0,19708.0,0.0,1.0
2018-06-25,9.565,9.565,9.565,9.565,9.565,0.0,0.0,1.0
2018-06-22,9.4,9.581,9.38,9.565,9.565,5930.0,0.0,1.0
2018-06-21,9.46,9.49,9.15,9.324,9.324,3953.0,0.0,1.0
2018-06-20,9.35,9.36,9.2,9.256,9.256,12935.0,0.0,1.0
2018-06-19,9.604,9.65,9.0,9.08,9.08,12686.0,0.0,1.0
2018-06-18,9.285,9.325,9.17,9.325,9.325,856.0,0.0,1.0
2018-06-15,9.69,9.69,9.028,9.345,9.345,5030.0,0.0,1.0
2018-06-14,9.589,9.752,9.31,9.57,9.57,9816.0,0.0,1.0
2018-06-13,9.51,9.665,9.3,9.34,9.34,21810.0,0.0,1.0
2018-06-12,9.28,9.789,9.07,9.25,9.25,8379.0,0.0,1.0
2018-06-11,9.3,9.3,8.96,9.248,9.248,5948.0,0.0,1.0
2018-06-08,9.32,9.475,8.857,9.354,9.354,10148.0,0.0,1.0
2018-06-07,9.44,9.5,8.84,9.39,9.39,8068.0,0.0,1.0
2018-06-06,9.3,9.3,9.168,9.168,9.168,1140.0,0.0,1.0
2018-06-05,9.231,9.231,8.65,9.0,9.0,5800.0,0.0,1.0
2018-06-04,8.8,8.8,8.55,8.656,8.656,1306.0,0.0,1.0
2018-06-01,8.84,9.83,8.83,9.005,9.005,14857.0,0.0,1.0
2018-05-31,8.949,9.64,8.81,8.9,8.9,31086.0,0.0,1.0
2018-05-30,8.62,8.7248,8.62,8.7248,8.7248,360.0,0.0,1.0
2018-05-29,8.701,8.812,8.15,8.62,8.62,12377.0,0.0,1.0
2018-05-25,8.134,8.65,7.96,8.65,8.65,7167.0,0.0,1.0
2018-05-24,8.6101,8.9765,7.91,8.46,8.46,13328.0,0.0,1.0
2018-05-23,8.25,8.689,8.25,8.4,8.4,7574.0,0.0,1.0
2018-05-22,9.25,9.25,8.86,8.946,8.946,2550.0,0.0,1.0
2018-05-21,9.0,9.458,8.996,9.3,9.3,16672.0,0.0,1.0
2018-05-18,8.981,9.205,8.9,8.9,8.9,5980.0,0.0,1.0
2018-05-17,8.6,8.752,8.368,8.65,8.65,14343.0,0.0,1.0
2018-05-16,8.595,8.595,8.543,8.543,8.543,308.0,0.0,1.0
2018-05-15,8.57,8.78,8.5,8.51,8.51,12182.0,0.0,1.0
2018-05-14,8.67,8.95,8.23,8.5,8.5,17640.0,0.0,1.0
2018-05-11,8.758,8.758,8.5,8.6,8.6,4576.0,0.0,1.0
2018-05-10,8.72,9.03,8.585,8.75,8.75,16716.0,0.0,1.0
2018-05-09,8.65,8.956,8.452,8.848,8.848,10760.0,0.0,1.0
2018-05-08,8.67,8.67,8.63,8.63,8.63,645.0,0.0,1.0
2018-05-07,9.0,9.11,8.901,8.95,8.95,8509.0,0.0,1.0
2018-05-04,9.07,9.07,8.62,9.0,9.0,13560.0,0.0,1.0
2018-05-03,9.15,9.39,9.05,9.2,9.2,19867.0,0.0,1.0
2018-05-02,9.212,9.212,9.212,9.212,9.212,650.0,0.0,1.0
2018-05-01,9.546,9.56,9.27,9.4,9.4,8118.0,0.0,1.0
2018-04-30,9.045,9.96,9.045,9.15,9.15,12502.0,0.0,1.0
2018-04-27,9.66,10.2,9.122,9.3,9.3,18584.0,0.0,1.0
2018-04-26,9.19,9.69,9.057,9.512,9.512,32237.0,0.0,1.0
2018-04-25,9.09,9.33,9.09,9.22,9.22,5904.0,0.0,1.0
2018-04-24,9.9,10.127,9.311,9.311,9.311,6027.0,0.0,1.0
2018-04-23,10.071,10.25,9.75,9.75,9.75,17791.0,0.0,1.0
2018-04-20,9.136,9.35,9.066,9.35,9.35,6807.0,0.0,1.0
2018-04-19,10.07,10.402,9.85,9.85,9.85,2981.0,0.0,1.0
2018-04-18,10.01,10.029,10.01,10.01,10.01,2678.0,0.0,1.0
2018-04-17,10.75,10.75,9.91,9.91,9.91,4724.0,0.0,1.0
2018-04-16,10.94,10.94,10.85,10.85,10.85,999.0,0.0,1.0
2018-04-13,10.718,10.978,10.715,10.978,10.978,734.0,0.0,1.0
2018-04-12,11.0,11.0,10.58,10.61,10.61,2137.0,0.0,1.0
2018-04-11,11.069,11.296,11.01,11.01,11.01,504.0,0.0,1.0
2018-04-10,11.91,11.91,11.2,11.21,11.21,1508.0,0.0,1.0
2018-04-09,11.501,11.95,11.501,11.95,11.95,1117.0,0.0,1.0
2018-04-06,11.56,11.56,11.3,11.35,11.35,4608.0,0.0,1.0
2018-04-05,11.551,11.551,11.4,11.4,11.4,4394.0,0.0,1.0
2018-04-04,11.65,11.814,11.65,11.74,11.74,2032.0,0.0,1.0
2018-04-03,11.45,11.45,11.207,11.326,11.326,1984.0,0.0,1.0
2018-04-02,11.49,11.515,11.481,11.51,11.51,1431.0,0.0,1.0
2018-03-29,11.52,11.749,11.47,11.51,11.51,5502.0,0.0,1.0
2018-03-28,11.22,11.75,11.22,11.58,11.58,7713.0,0.0,1.0
2018-03-27,11.048,11.218,11.01,11.218,11.218,2323.0,0.0,1.0
2018-03-26,11.0,11.318,11.0,11.2,11.2,4005.0,0.0,1.0
2018-03-23,11.93,11.93,11.2,11.2,11.2,12283.0,0.0,1.0
2018-03-22,12.68,12.68,12.0,12.0,12.0,2966.0,0.0,1.0
2018-03-21,11.38,12.489,11.38,12.468,12.468,7031.0,0.0,1.0
2018-03-20,11.4,11.457,11.0,11.1,11.1,5838.0,0.0,1.0
2018-03-19,11.95,11.95,11.75,11.75,11.75,7754.0,0.0,1.0
2018-03-16,12.14,12.4,11.36,12.298,12.298,13443.0,0.0,1.0
2018-03-15,12.564,12.873,12.5,12.55,12.55,10374.0,0.0,1.0
2018-03-14,13.5,13.5,12.5,12.7,12.7,23549.0,0.0,1.0
2018-03-13,14.49,14.5,13.5,14.0,14.0,46308.0,0.0,1.0
2018-03-12,11.35,11.35,11.35,11.35,11.35,0.0,0.0,1.0
2018-03-09,13.7,14.5,11.0,11.35,11.35,64715.0,0.0,1.0
2018-03-08,13.7,16.7,13.39,13.686,13.686,231893.0,0.0,1.0
2018-03-07,8.45,8.45,8.45,8.45,8.45,0.0,0.0,1.0
2018-03-06,8.3,8.45,8.3,8.45,8.45,3376.0,0.0,1.0
2018-03-05,8.3,8.65,8.051,8.191,8.191,2730.0,0.0,1.0
2018-03-02,8.2,8.2,7.9,8.083,8.083,10700.0,0.0,1.0
2018-03-01,8.251,8.29,7.9,8.21,8.21,3520.0,0.0,1.0
2018-02-28,8.676,8.676,8.41,8.41,8.41,4055.0,0.0,1.0
2018-02-27,10.2,10.2,9.0,9.02,9.02,12387.0,0.0,1.0
2018-02-26,9.81,10.864,9.81,10.0,10.0,40291.0,0.0,1.0
2018-02-23,9.5,9.75,9.201,9.7,9.7,8161.0,0.0,1.0
2018-02-22,8.7719,8.95,8.57,8.9364,8.9364,6898.0,0.0,1.0
2018-02-21,8.15,8.75,8.15,8.422,8.422,12622.0,0.0,1.0
2018-02-20,7.78,7.78,7.78,7.78,7.78,200.0,0.0,1.0
2018-02-16,8.0,8.475,7.98,8.012,8.012,2856.0,0.0,1.0
2018-02-15,7.61,7.8,7.6,7.697,7.697,8917.0,0.0,1.0
2018-02-14,7.85,7.961,7.849,7.849,7.849,595.0,0.0,1.0
2018-02-13,7.99,8.0,7.87,7.94,7.94,8455.0,0.0,1.0
2018-02-12,7.73,7.76,7.25,7.51,7.51,13323.0,0.0,1.0
2018-02-09,7.45,8.16,7.3,7.54,7.54,12236.0,0.0,1.0
2018-02-08,7.25,7.4,7.1,7.2,7.2,3903.0,0.0,1.0
2018-02-07,7.51,7.661,7.51,7.66,7.66,4003.0,0.0,1.0
2018-02-06,7.07,7.684,7.05,7.43,7.43,8849.0,0.0,1.0
2018-02-05,8.03,8.5,7.02,7.02,7.02,10773.0,0.0,1.0
2018-02-02,8.3,8.55,7.36,8.05,8.05,18719.0,0.0,1.0
2018-02-01,9.0,9.75,8.551,8.6,8.6,27268.0,0.0,1.0
2018-01-31,8.8,11.69,8.313,9.22,9.22,67251.0,0.0,1.0
2018-01-30,7.49,8.729,7.22,8.29,8.29,104350.0,0.0,1.0
2018-01-29,6.73,7.115,6.73,6.98,6.98,1324.0,0.0,1.0
2018-01-26,6.6,6.73,6.6,6.73,6.73,923.0,0.0,1.0
2018-01-25,6.751,6.78,6.42,6.54,6.54,4562.0,0.0,1.0
2018-01-24,6.975,6.975,6.693,6.75,6.75,4536.0,0.0,1.0
2018-01-23,6.845,7.02,6.821,7.02,7.02,4934.0,0.0,1.0
2018-01-22,7.006,7.03,7.0,7.01,7.01,2781.0,0.0,1.0
2018-01-19,7.066,7.11,7.066,7.11,7.11,235.0,0.0,1.0
2018-01-18,6.936,7.19,6.936,7.03,7.03,4412.0,0.0,1.0
2018-01-17,6.94,6.94,6.71,6.901,6.901,5973.0,0.0,1.0
2018-01-16,7.7,7.75,7.05,7.05,7.05,7915.0,0.0,1.0
2018-01-12,7.4,7.58,7.03,7.45,7.45,14005.0,0.0,1.0
2018-01-11,6.6,7.27,6.6,7.03,7.03,55599.0,0.0,1.0
2018-01-10,5.7,6.0,5.5,5.8,5.8,15678.0,0.0,1.0
2018-01-09,5.61,5.769,5.55,5.565,5.565,2393.0,0.0,1.0
2018-01-08,5.37,5.61,5.37,5.43,5.43,4882.0,0.0,1.0
2018-01-05,5.17,5.904,5.16,5.41,5.41,10210.0,0.0,1.0
2018-01-04,5.65,5.863,5.19,5.44,5.44,10531.0,0.0,1.0
2018-01-03,5.45,5.7,5.38,5.5,5.5,16532.0,0.0,1.0
2018-01-02,5.32,5.67,5.15,5.3,5.3,3446.0,0.0,1.0
2017-12-29,5.14,5.29,5.14,5.29,5.29,1046.0,0.0,1.0
2017-12-28,5.3,5.52,5.0,5.18,5.18,8684.0,0.0,1.0
2017-12-27,5.2,5.4,5.032,5.22,5.22,12375.0,0.0,1.0
2017-12-26,5.4,5.545,5.224,5.35,5.35,5403.0,0.0,1.0
2017-12-22,5.08,5.4,5.08,5.1,5.1,1003.0,0.0,1.0
2017-12-21,4.88,5.303,4.815,5.303,5.303,4748.0,0.0,1.0
2017-12-20,5.15,5.21,5.04,5.17,5.17,6067.0,0.0,1.0
2017-12-19,5.39,5.39,5.04,5.04,5.04,4329.0,0.0,1.0
2017-12-18,5.124,5.868,5.124,5.38,5.38,10800.0,0.0,1.0
2017-12-15,5.417,5.45,5.417,5.44,5.44,3672.0,0.0,1.0
2017-12-14,5.12,5.12,5.12,5.12,5.12,10.0,0.0,1.0
2017-12-13,5.08,5.214,5.08,5.12,5.12,802.0,0.0,1.0
2017-12-12,4.99,5.488,4.99,5.17,5.17,10884.0,0.0,1.0
2017-12-11,5.1,5.47,5.06,5.25,5.25,5409.0,0.0,1.0
2017-12-08,4.91,5.47,4.91,5.47,5.47,11443.0,0.0,1.0
2017-12-07,5.0,5.33,4.8601,5.07,5.07,3816.0,0.0,1.0
2017-12-06,4.87,4.87,4.87,4.87,4.87,243.0,0.0,1.0
2017-12-05,5.0,5.0,4.85,4.87,4.87,1676.0,0.0,1.0
2017-12-04,5.1521,5.1957,4.86,4.86,4.86,3040.0,0.0,1.0
2017-12-01,5.05,5.189,4.95,5.06,5.06,4390.0,0.0,1.0
2017-11-30,5.1,5.204,5.03,5.03,5.03,27457.0,0.0,1.0
2017-11-29,5.06,5.1,5.007,5.1,5.1,2496.0,0.0,1.0
2017-11-28,5.02,5.25,4.9599,5.2,5.2,7351.0,0.0,1.0
2017-11-27,5.25,5.25,5.22,5.25,5.25,4222.0,0.0,1.0
2017-11-24,5.34,5.34,5.0001,5.14,5.14,3234.0,0.0,1.0
2017-11-22,5.17,5.17,5.17,5.17,5.17,186.0,0.0,1.0
2017-11-21,5.4,5.47,5.21,5.21,5.21,11153.0,0.0,1.0
2017-11-20,5.44,5.6069,5.178,5.4596,5.4596,6955.0,0.0,1.0
2017-11-17,5.28,5.78,5.15,5.29,5.29,18045.0,0.0,1.0
2017-11-16,5.25,5.5072,5.23,5.5072,5.5072,1329.0,0.0,1.0
2017-11-15,5.22,5.6892,5.21,5.25,5.25,3664.0,0.0,1.0
2017-11-14,5.27,5.86,5.27,5.7577,5.7577,2829.0,0.0,1.0
2017-11-13,5.68,5.68,5.5101,5.52,5.52,933.0,0.0,1.0
2017-11-10,5.85,5.9396,5.8,5.8,5.8,2350.0,0.0,1.0
2017-11-09,6.0,6.3299,5.77,5.77,5.77,3913.0,0.0,1.0
2017-11-08,5.82,6.19,5.65,5.73,5.73,19249.0,0.0,1.0
2017-11-07,5.8088,5.8199,5.6,5.6,5.6,1753.0,0.0,1.0
2017-11-06,5.78,6.0118,5.7,5.72,5.72,9967.0,0.0,1.0
2017-11-03,5.5714,5.5732,5.226,5.5,5.5,16808.0,0.0,1.0
2017-11-02,5.3778,5.6899,5.3778,5.6899,5.6899,768.0,0.0,1.0
2017-11-01,5.09,5.78,5.09,5.67,5.67,16450.0,0.0,1.0
2017-10-31,5.3,5.696,4.73,5.226,5.226,4173.0,0.0,1.0
2017-10-30,4.76,5.59,4.75,5.59,5.59,17317.0,0.0,1.0
2017-10-27,5.115,5.13,5.0,5.06,5.06,1886.0,0.0,1.0
2017-10-26,5.175,5.175,4.97,5.15,5.15,19393.0,0.0,1.0
2017-10-25,4.92,5.0,4.9,5.0,5.0,3777.0,0.0,1.0
2017-10-24,5.138,5.22,5.0775,5.1,5.1,2873.0,0.0,1.0
2017-10-23,5.25,5.29,5.1227,5.274,5.274,2701.0,0.0,1.0
2017-10-20,5.3799,5.38,5.25,5.25,5.25,1875.0,0.0,1.0
2017-10-19,5.0953,5.4388,4.75,5.1,5.1,7820.0,0.0,1.0
2017-10-18,5.3,5.779,5.2,5.49,5.49,27568.0,0.0,1.0
2017-10-17,5.01,5.51,4.94,5.03,5.03,3835.0,0.0,1.0
2017-10-16,4.93,4.93,4.93,4.93,4.93,0.0,0.0,1.0
2017-10-13,4.95,5.05,4.63,4.93,4.93,5115.0,0.0,1.0
2017-10-12,5.1308,5.1308,5.1308,5.1308,5.1308,459.0,0.0,1.0
2017-10-11,5.1246,5.2791,5.12,5.15,5.15,4756.0,0.0,1.0
2017-10-10,5.18,5.1898,4.95,4.95,4.95,6990.0,0.0,1.0
2017-10-09,5.1,5.192,5.05,5.192,5.192,1898.0,0.0,1.0
2017-10-06,5.5,5.548,5.11,5.11,5.11,3211.0,0.0,1.0
2017-10-05,5.4,5.4244,5.35,5.4244,5.4244,2460.0,0.0,1.0
2017-10-04,5.0,5.28,4.6976,5.25,5.25,10945.0,0.0,1.0
2017-10-03,5.2,5.3,5.1916,5.3,5.3,1800.0,0.0,1.0
2017-10-02,5.12,5.35,5.11,5.174,5.174,4085.0,0.0,1.0
2017-09-29,5.11,5.313,5.1001,5.26,5.26,2070.0,0.0,1.0
2017-09-28,5.22,5.22,5.22,5.22,5.22,0.0,0.0,1.0
2017-09-27,5.47,5.47,5.0,5.22,5.22,5827.0,0.0,1.0
2017-09-26,5.63,5.85,5.23,5.4,5.4,16921.0,0.0,1.0
2017-09-25,5.9584,6.25,5.55,5.55,5.55,26337.0,0.0,1.0
2017-09-22,6.18,6.32,5.95,5.95,5.95,16350.0,0.0,1.0
2017-09-21,6.17,6.2,6.11,6.11,6.11,9554.0,0.0,1.0
2017-09-20,5.95,6.23,5.81,6.0701,6.0701,36957.0,0.0,1.0
2017-09-19,6.1,6.23,5.95,6.23,6.23,7053.0,0.0,1.0
2017-09-18,5.96,6.38,5.56,5.75,5.75,12526.0,0.0,1.0
2017-09-15,5.57,5.84,5.546,5.79,5.79,9650.0,0.0,1.0
2017-09-14,5.7282,6.212,5.7282,5.88,5.88,9575.0,0.0,1.0
2017-09-13,6.0,6.5,5.6,5.7901,5.7901,9678.0,0.0,1.0
2017-09-12,5.752,5.94,5.5965,5.5974,5.5974,6954.0,0.0,1.0
2017-09-11,5.54,5.662,5.446,5.5,5.5,12692.0,0.0,1.0
2017-09-08,5.683,5.683,5.334,5.45,5.45,7337.0,0.0,1.0
2017-09-07,5.4447,5.6723,5.42,5.6583,5.6583,3529.0,0.0,1.0
2017-09-06,6.06,6.2,5.5,5.5,5.5,11806.0,0.0,1.0
2017-09-05,6.0,6.5,5.88,6.49,6.49,32127.0,0.0,1.0
2017-09-01,6.23,6.23,5.95,6.0,6.0,12000.0,0.0,1.0
2017-08-31,6.4,6.5,5.8,6.44,6.44,4641.0,0.0,1.0
2017-08-30,5.87,5.87,5.87,5.87,5.87,0.0,0.0,1.0
2017-08-29,5.83,6.034,5.83,5.87,5.87,7674.0,0.0,1.0
2017-08-28,6.05,6.1575,5.65,5.88,5.88,31686.0,0.0,1.0
2017-08-25,6.01,6.45,5.7011,5.95,5.95,10200.0,0.0,1.0
2017-08-24,6.2,6.5,5.9616,6.09,6.09,18090.0,0.0,1.0
2017-08-23,5.55,6.36,5.55,6.36,6.36,16534.0,0.0,1.0
2017-08-22,5.25,6.35,5.25,5.45,5.45,29600.0,0.0,1.0
2017-08-21,5.25,5.45,5.25,5.4137,5.4137,1567.0,0.0,1.0
2017-08-18,5.25,5.25,5.25,5.25,5.25,100.0,0.0,1.0
2017-08-17,5.7,5.75,5.7,5.7,5.7,3129.0,0.0,1.0
2017-08-16,5.5,5.7196,5.5,5.64,5.64,8841.0,0.0,1.0
2017-08-15,5.16,5.28,5.16,5.28,5.28,483.0,0.0,1.0
2017-08-14,5.34,5.35,5.21,5.28,5.28,9259.0,0.0,1.0
2017-08-11,5.21,5.4844,4.94,5.37,5.37,2510.0,0.0,1.0
2017-08-10,4.95,5.25,4.5916,5.25,5.25,3715.0,0.0,1.0
2017-08-09,5.1,5.2,4.74,5.0,5.0,9894.0,0.0,1.0
2017-08-08,5.7,5.7,5.03,5.15,5.15,8377.0,0.0,1.0
2017-08-07,5.46,5.77,4.47,5.0101,5.0101,1005.0,0.0,1.0
2017-08-04,5.5,5.5,5.5,5.5,5.5,1203.0,0.0,1.0
2017-08-03,5.5,5.88,5.5,5.5,5.5,2574.0,0.0,1.0
2017-08-02,5.75,5.75,4.99,5.3,5.3,13952.0,0.0,1.0
2017-08-01,5.8,5.85,5.4,5.81,5.81,11044.0,0.0,1.0
2017-07-31,6.15,6.173,5.7,5.72,5.72,12040.0,0.0,1.0
2017-07-28,5.98,6.131,5.892,6.1,6.1,2222.0,0.0,1.0
2017-07-27,6.21,6.393,6.0,6.0,6.0,7216.0,0.0,1.0
2017-07-26,6.35,6.42,6.3,6.4,6.4,5969.0,0.0,1.0
2017-07-25,6.5,6.5,6.3,6.3189,6.3189,6706.0,0.0,1.0
2017-07-24,6.07,6.5,6.07,6.49,6.49,7434.0,0.0,1.0
2017-07-21,5.96,6.1295,5.9,6.018,6.018,3337.0,0.0,1.0
2017-07-20,6.3418,6.3418,6.3418,6.3418,6.3418,216.0,0.0,1.0
2017-07-19,6.3596,6.3596,6.2,6.3028,6.3028,2859.0,0.0,1.0
2017-07-18,6.4,6.79,6.35,6.5,6.5,12184.0,0.0,1.0
2017-07-17,6.29,6.54,5.805,6.4,6.4,15294.0,0.0,1.0
2017-07-14,6.23,6.42,5.7,6.34,6.34,21310.0,0.0,1.0
2017-07-13,6.25,6.61,5.47,5.79,5.79,21972.0,0.0,1.0
2017-07-12,6.9,7.5,5.77,6.07,6.07,25956.0,0.0,1.0
2017-07-11,7.35,7.7657,6.63,6.98,6.98,24228.0,0.0,1.0
2017-07-10,8.2,8.45,6.5947,7.4,7.4,49716.0,0.0,1.0
2017-07-07,8.49,8.5475,8.2579,8.34,8.34,8951.0,0.0,1.0
2017-07-06,8.3,8.46,8.2537,8.46,8.46,10906.0,0.0,1.0
2017-07-05,8.35,8.7995,8.33,8.69,8.69,16900.0,0.0,1.0
2017-07-03,9.2,9.2,8.18,8.48,8.48,9580.0,0.0,1.0
2017-06-30,8.52,8.6191,8.3,8.6001,8.6001,12634.0,0.0,1.0
2017-06-29,8.27,8.59,8.1122,8.5,8.5,20125.0,0.0,1.0
2017-06-28,8.63,8.7664,8.12,8.3,8.3,18686.0,0.0,1.0
2017-06-27,8.24,8.35,8.1366,8.29,8.29,6300.0,0.0,1.0
2017-06-26,8.69,8.6987,8.201,8.32,8.32,6442.0,0.0,1.0
2017-06-23,8.48,8.6821,8.29,8.65,8.65,28978.0,0.0,1.0
2017-06-22,8.5,8.7,8.15,8.31,8.31,28436.0,0.0,1.0
2017-06-21,8.7,9.16,8.13,8.6,8.6,45192.0,0.0,1.0
2017-06-20,9.79,10.0,8.61,9.11,9.11,109612.0,0.0,1.0
2017-06-19,8.27,9.91,8.25,9.78,9.78,326960.0,0.0,1.0
2017-06-16,8.28,8.9,8.25,8.55,8.55,137723.0,0.0,1.0
2017-06-15,7.66,8.5,7.66,8.355,8.355,25593.0,0.0,1.0
2017-06-14,8.5,8.5,7.75,8.0,8.0,28403.0,0.0,1.0
2017-06-13,8.6,8.6,7.8,7.9,7.9,46519.0,0.0,1.0
2017-06-12,8.45,8.7,8.15,8.7,8.7,39225.0,0.0,1.0
2017-06-09,9.25,9.26,8.2,8.355,8.355,185659.0,0.0,1.0
