date,1. open,2. high,3. low,4. close,5. adjusted close,6. volume,7. dividend amount,8. split coefficient
2021-04-16,5.92,6.03,5.84,6.03,6.03,23089.0,0.0,1.0
2021-04-15,5.89,5.96,5.85,5.94,5.94,8495.0,0.0,1.0
2021-04-14,5.81,5.99,5.8,5.98,5.98,9427.0,0.0,1.0
2021-04-13,5.76,5.81,5.62,5.81,5.81,82215.0,0.0,1.0
2021-04-12,5.5953,5.7965,5.59,5.78,5.78,6968.0,0.0,1.0
2021-04-09,5.72,5.77,5.61,5.61,5.61,17232.0,0.0,1.0
2021-04-08,5.58,5.8,5.5,5.69,5.69,27308.0,0.0,1.0
2021-04-07,5.73,5.76,5.65,5.7,5.7,9517.0,0.0,1.0
2021-04-06,5.78,5.86,5.7,5.76,5.76,14649.0,0.0,1.0
2021-04-05,5.77,5.79,5.66,5.78,5.78,28101.0,0.0,1.0
2021-04-01,5.82,5.84,5.75,5.8,5.8,27894.0,0.0,1.0
2021-03-31,5.87,5.8888,5.73,5.86,5.86,14247.0,0.0,1.0
2021-03-30,5.8,5.9,5.69,5.72,5.72,47948.0,0.0,1.0
2021-03-29,5.5,5.86,5.49,5.85,5.85,42615.0,0.0,1.0
2021-03-26,5.48,5.54,5.38,5.38,5.38,2175.0,0.0,1.0
2021-03-25,5.52,5.6,5.39,5.43,5.43,58872.0,0.0,1.0
2021-03-24,5.74,5.74,5.52,5.56,5.56,4993.0,0.0,1.0
2021-03-23,5.75,5.82,5.65,5.67,5.67,9632.0,0.0,1.0
2021-03-22,5.82,5.82,5.65,5.78,5.78,47769.0,0.0,1.0
2021-03-19,5.88,5.89,5.55,5.86,5.86,74163.0,0.0,1.0
2021-03-18,6.03,6.1,5.93,5.96,5.96,56212.0,0.0,1.0
2021-03-17,6.0,6.09,5.9,5.98,5.98,39025.0,0.0,1.0
2021-03-16,6.09,6.14,5.96,6.14,6.14,76397.0,0.0,1.0
2021-03-15,6.06,6.15,5.99,6.12,6.12,42027.0,0.0,1.0
2021-03-12,5.86,5.95,5.75,5.82,5.82,32709.0,0.0,1.0
2021-03-11,5.51,5.83,5.51,5.83,5.83,68487.0,0.0,1.0
2021-03-10,5.27,5.41,5.26,5.41,5.41,23532.0,0.0,1.0
2021-03-09,5.18,5.2,5.11,5.17,5.17,105274.0,0.0,1.0
2021-03-08,5.2,5.29,5.15,5.17,5.17,271071.0,0.0,1.0
2021-03-05,5.21,5.28,5.2,5.23,5.23,121524.0,0.0,1.0
2021-03-04,5.15,5.2722,5.15,5.2,5.2,59956.0,0.0,1.0
2021-03-03,5.25,5.31,5.2,5.29,5.29,103159.0,0.0,1.0
2021-03-02,5.4022,5.4022,5.25,5.27,5.27,277700.0,0.0,1.0
2021-03-01,5.3791,5.49,5.34,5.4,5.4,167189.0,0.0,1.0
2021-02-26,5.38,5.4799,5.29,5.3,5.3,68074.0,0.0,1.0
2021-02-25,5.5055,5.5211,5.3,5.44,5.44,32982.0,0.0,1.0
2021-02-24,5.52,5.5533,5.49,5.5,5.5,9653.0,0.0,1.0
2021-02-23,5.56,5.57,5.53,5.53,5.53,27695.0,0.0,1.0
2021-02-22,5.54,5.5901,5.53,5.59,5.59,37212.0,0.0,1.0
2021-02-19,5.65,5.75,5.6,5.66,5.66,7439.0,0.0,1.0
2021-02-18,5.58,5.58,5.4526,5.58,5.58,28197.0,0.0,1.0
2021-02-17,5.72,5.81,5.45,5.58,5.58,196024.0,0.0,1.0
2021-02-16,5.6,5.73,5.5001,5.7,5.7,73831.0,0.0,1.0
2021-02-12,5.59,5.59,5.49,5.55,5.55,28354.0,0.0,1.0
2021-02-11,5.52,5.56,5.43,5.56,5.56,58768.0,0.0,1.0
2021-02-10,5.51,5.51,5.46,5.51,5.51,15784.0,0.0,1.0
2021-02-09,5.53,5.6,5.445,5.51,5.51,10163.0,0.0,1.0
2021-02-08,5.53,5.55,5.4284,5.45,5.45,10771.0,0.0,1.0
2021-02-05,5.48,5.55,5.43,5.43,5.43,21528.0,0.0,1.0
2021-02-04,5.37,5.54,5.37,5.45,5.45,327780.0,0.0,1.0
2021-02-03,5.3,5.41,5.25,5.4,5.4,240420.0,0.0,1.0
2021-02-02,5.28,5.35,5.22,5.33,5.33,6013.0,0.0,1.0
2021-02-01,5.12,5.4135,5.12,5.4,5.4,98188.0,0.0,1.0
2021-01-29,5.5,5.5,4.92,5.04,5.04,54136.0,0.0,1.0
2021-01-28,5.23,5.4,5.2,5.39,5.39,326069.0,0.0,1.0
2021-01-27,5.22,5.35,5.17,5.22,5.22,52982.0,0.0,1.0
2021-01-26,5.33,5.4,5.33,5.35,5.35,265607.0,0.0,1.0
2021-01-25,5.37,5.43,5.26,5.35,5.35,176330.0,0.0,1.0
2021-01-22,5.44,5.58,5.24,5.43,5.43,18955.0,0.0,1.0
2021-01-21,5.51,5.6,5.43,5.55,5.55,28714.0,0.0,1.0
2021-01-20,5.3,5.5,5.3,5.47,5.47,15662.0,0.0,1.0
2021-01-19,5.2,5.3486,5.2,5.2,5.2,124344.0,0.0,1.0
2021-01-15,5.25,5.3,5.2,5.2,5.2,17910.0,0.0,1.0
2021-01-14,5.34,5.46,5.31,5.46,5.46,6221.0,0.0,1.0
2021-01-13,5.27,5.32,5.2,5.32,5.32,54469.0,0.0,1.0
2021-01-12,5.14,5.27,5.1112,5.2,5.2,4065.0,0.0,1.0
2021-01-11,5.06,5.15,5.0,5.06,5.06,10434.0,0.0,1.0
2021-01-08,5.08,5.195,5.07,5.11,5.11,9706.0,0.0,1.0
2021-01-07,5.11,5.15,5.0,5.09,5.09,9526.0,0.0,1.0
2021-01-06,5.28,5.32,5.16,5.19,5.19,16328.0,0.0,1.0
2021-01-05,5.119,5.3,5.119,5.3,5.3,9705.0,0.0,1.0
2021-01-04,5.06,5.16,5.06,5.14,5.14,35035.0,0.0,1.0
2020-12-31,5.01,5.01,4.84,4.95,4.95,2895.0,0.0,1.0
2020-12-30,4.89,5.02,4.85,4.97,4.97,25895.0,0.0,1.0
2020-12-29,4.75,4.9,4.7,4.84,4.84,14843.0,0.0,1.0
2020-12-28,4.75,4.7927,4.73,4.755,4.755,5036.0,0.0,1.0
2020-12-24,4.72,4.74,4.71,4.74,4.74,917.0,0.0,1.0
2020-12-23,4.84,4.87,4.65,4.72,4.72,33480.0,0.0,1.0
2020-12-22,4.67,4.9,4.6429,4.9,4.9,51744.0,0.0,1.0
2020-12-21,4.67,4.75,4.57,4.75,4.75,9298.0,0.0,1.0
2020-12-18,4.82,4.9,4.79,4.9,4.9,10545.0,0.0,1.0
2020-12-17,4.8,4.83,4.66,4.8,4.8,14809.0,0.0,1.0
2020-12-16,4.68,4.8,4.6373,4.8,4.8,11175.0,0.0,1.0
2020-12-15,4.53,4.68,4.53,4.68,4.68,3946.0,0.0,1.0
2020-12-14,4.79,4.79,4.44,4.6,4.6,10942.0,0.0,1.0
2020-12-11,4.66,4.7,4.65,4.68,4.68,12508.0,0.0,1.0
2020-12-10,4.63,4.75,4.61,4.74,4.74,34027.0,0.0,1.0
2020-12-09,4.625,4.68,4.47,4.55,4.55,15933.0,0.0,1.0
2020-12-08,4.68,4.745,4.6,4.65,4.65,14418.0,0.0,1.0
2020-12-07,4.75,4.8113,4.57,4.69,4.69,62678.0,0.0,1.0
2020-12-04,4.6433,5.0,4.64,4.92,4.92,32244.0,0.0,1.0
2020-12-03,4.56,4.85,4.52,4.575,4.575,83445.0,0.0,1.0
2020-12-02,4.45,4.55,4.39,4.55,4.55,39320.0,0.0,1.0
2020-12-01,4.32,4.43,4.24,4.37,4.37,42032.0,0.0,1.0
2020-11-30,4.25,4.35,4.13,4.14,4.14,15051.0,0.0,1.0
2020-11-27,4.31,4.38,4.19,4.19,4.19,11088.0,0.0,1.0
2020-11-25,4.3034,4.45,4.29,4.38,4.38,13861.0,0.0,1.0
2020-11-24,4.32,4.4169,4.3,4.39,4.39,27772.0,0.0,1.0
2020-11-23,4.41,4.53,4.3,4.33,4.33,48919.0,0.0,1.0
2020-11-20,4.3,4.5399,4.2384,4.4,4.4,38847.0,0.0,1.0
2020-11-19,4.23,4.28,4.21,4.21,4.21,32723.0,0.0,1.0
2020-11-18,4.16,4.28,3.97,4.28,4.28,56689.0,0.0,1.0
2020-11-17,4.1,4.23,4.01,4.23,4.23,11343.0,0.0,1.0
2020-11-16,4.12,4.15,3.97,4.12,4.12,17085.0,0.0,1.0
2020-11-13,4.14,4.14,3.94,3.95,3.95,18241.0,0.0,1.0
2020-11-12,4.16,4.18,3.9725,4.0,4.0,40555.0,0.0,1.0
2020-11-11,4.24,4.26,4.14,4.26,4.26,18553.0,0.0,1.0
2020-11-10,4.12,4.24,4.09,4.18,4.18,23057.0,0.0,1.0
2020-11-09,4.13,4.21,3.97,4.1935,4.1935,48374.0,0.0,1.0
2020-11-06,3.9408,4.1,3.9331,4.06,4.06,30589.0,0.0,1.0
2020-11-05,3.9,4.02,3.89,4.02,4.02,10507.0,0.0,1.0
2020-11-04,3.99,3.99,3.7554,3.91,3.91,63252.0,0.0,1.0
2020-11-03,4.0,4.0,3.92,4.0,4.0,5263.0,0.0,1.0
2020-11-02,3.93,4.0,3.92,3.98,3.98,8089.0,0.0,1.0
2020-10-30,3.77,3.83,3.6301,3.81,3.81,29778.0,0.0,1.0
2020-10-29,3.8201,3.8201,3.68,3.68,3.68,11985.0,0.0,1.0
2020-10-28,3.79,3.87,3.78,3.85,3.85,7043.0,0.0,1.0
2020-10-27,3.9,3.97,3.7851,3.7851,3.7851,24552.0,0.0,1.0
2020-10-26,3.89,3.97,3.811,3.91,3.91,20909.0,0.0,1.0
2020-10-23,3.93,3.97,3.85,3.9288,3.9288,11336.0,0.0,1.0
2020-10-22,3.95,3.95,3.83,3.9,3.9,31701.0,0.0,1.0
2020-10-21,3.92,3.97,3.85,3.89,3.89,5386.0,0.0,1.0
2020-10-20,3.9,3.94,3.9,3.92,3.92,3755.0,0.0,1.0
2020-10-19,3.8698,3.96,3.85,3.88,3.88,10218.0,0.0,1.0
2020-10-16,3.77,3.84,3.71,3.8,3.8,11536.0,0.0,1.0
2020-10-15,3.85,3.92,3.75,3.82,3.82,12210.0,0.0,1.0
2020-10-14,4.03,4.03,3.87,3.87,3.87,10191.0,0.0,1.0
2020-10-13,3.88,4.0,3.87,3.9,3.9,40388.0,0.0,1.0
2020-10-12,3.9365,3.95,3.8201,3.86,3.86,5196.0,0.0,1.0
2020-10-09,3.95,4.04,3.86,3.89,3.89,34121.0,0.0,1.0
2020-10-08,3.91,3.91,3.75,3.87,3.87,17340.0,0.0,1.0
2020-10-07,3.88,3.97,3.82,3.85,3.85,18671.0,0.0,1.0
2020-10-06,3.97,3.98,3.81,3.84,3.84,34245.0,0.0,1.0
2020-10-05,4.11,4.13,3.91,3.98,3.98,52365.0,0.0,1.0
2020-10-02,3.99,4.1471,3.93,4.09,4.09,42443.0,0.0,1.0
2020-10-01,3.86,4.0,3.86,4.0,4.0,9967.0,0.0,1.0
2020-09-30,3.93,4.05,3.81,3.86,3.86,6138.0,0.0,1.0
2020-09-29,3.9,4.02,3.88,3.93,3.93,7829.0,0.0,1.0
2020-09-28,3.9732,3.99,3.85,3.86,3.86,16023.0,0.0,1.0
2020-09-25,3.87,3.9407,3.8012,3.91,3.91,16925.0,0.0,1.0
2020-09-24,4.03,4.03,3.91,3.96,3.96,17829.0,0.0,1.0
2020-09-23,4.14,4.17,3.94,4.0,4.0,43373.0,0.0,1.0
2020-09-22,4.07,4.25,4.02,4.0987,4.0987,30460.0,0.0,1.0
2020-09-21,4.16,4.47,4.01,4.13,4.13,116481.0,0.0,1.0
2020-09-18,4.4,4.5899,4.15,4.3,4.3,7098.0,0.0,1.0
2020-09-17,4.43,4.4602,4.37,4.395,4.395,12200.0,0.0,1.0
2020-09-16,4.655,4.655,4.51,4.51,4.51,7803.0,0.0,1.0
2020-09-15,4.69,4.72,4.52,4.68,4.68,48533.0,0.0,1.0
2020-09-14,4.68,4.765,4.58,4.63,4.63,12380.0,0.0,1.0
2020-09-11,4.57,4.7,4.4101,4.64,4.64,13988.0,0.0,1.0
2020-09-10,4.73,4.73,4.4101,4.54,4.54,10145.0,0.0,1.0
2020-09-09,4.78,4.82,4.71,4.77,4.77,27874.0,0.0,1.0
2020-09-08,4.57,4.88,4.57,4.75,4.75,26429.0,0.0,1.0
2020-09-04,4.63,4.71,4.45,4.55,4.55,13749.0,0.0,1.0
2020-09-03,4.81,4.81,4.55,4.55,4.55,40809.0,0.0,1.0
2020-09-02,4.5,4.75,4.48,4.73,4.73,40063.0,0.0,1.0
2020-09-01,4.46,4.55,4.3,4.54,4.54,12213.0,0.0,1.0
2020-08-31,4.58,4.6513,4.335,4.35,4.35,42539.0,0.0,1.0
2020-08-28,4.35,4.5,4.331,4.47,4.47,15672.0,0.0,1.0
2020-08-27,4.35,4.47,4.28,4.28,4.28,26755.0,0.0,1.0
2020-08-26,4.53,4.53,4.265,4.3,4.3,13903.0,0.0,1.0
2020-08-25,4.59,4.655,4.4001,4.59,4.59,25660.0,0.0,1.0
2020-08-24,4.66,4.79,4.6,4.61,4.61,22841.0,0.0,1.0
2020-08-21,4.48,4.93,4.48,4.7,4.7,45280.0,0.0,1.0
2020-08-20,4.5,4.63,4.32,4.32,4.32,39494.0,0.0,1.0
2020-08-19,4.66,4.71,4.52,4.52,4.52,14170.0,0.0,1.0
2020-08-18,4.68,4.75,4.615,4.65,4.65,6686.0,0.0,1.0
2020-08-17,4.71,4.846,4.5,4.74,4.74,15809.0,0.0,1.0
2020-08-14,4.7,4.75,4.64,4.7,4.7,10489.0,0.0,1.0
2020-08-13,4.71,4.91,4.71,4.74,4.74,26272.0,0.0,1.0
2020-08-12,4.8941,4.94,4.7,4.8,4.8,19182.0,0.0,1.0
2020-08-11,4.78,5.0,4.78,4.82,4.82,36154.0,0.0,1.0
2020-08-10,4.9,5.09,4.674,4.82,4.82,25447.0,0.0,1.0
2020-08-07,4.9879,5.06,4.855,4.97,4.97,15965.0,0.0,1.0
2020-08-06,4.8701,5.0099,4.86,4.95,4.95,10469.0,0.0,1.0
2020-08-05,4.95,5.0888,4.83,4.83,4.83,28775.0,0.0,1.0
2020-08-04,5.09,5.23,4.9701,4.99,4.99,31123.0,0.0,1.0
2020-08-03,5.09,5.22,5.0,5.16,5.16,46940.0,0.0,1.0
2020-07-31,5.04,5.29,5.04,5.15,5.15,22330.0,0.0,1.0
2020-07-30,5.19,5.39,5.065,5.19,5.19,111157.0,0.0,1.0
2020-07-29,4.9,5.37,4.7401,5.15,5.15,84391.0,0.0,1.0
2020-07-28,4.7,5.08,4.5,5.02,5.02,68461.0,0.0,1.0
2020-07-27,4.46,4.85,4.46,4.85,4.85,87222.0,0.0,1.0
2020-07-24,4.41,4.59,4.355,4.57,4.57,61589.0,0.0,1.0
2020-07-23,4.64,4.64,4.4,4.5,4.5,73866.0,0.0,1.0
2020-07-22,4.31,4.63,4.2,4.54,4.54,89098.0,0.0,1.0
2020-07-21,4.4,4.55,4.21,4.55,4.55,128994.0,0.0,1.0
2020-07-20,4.41,4.5,4.13,4.25,4.25,165583.0,0.0,1.0
2020-07-17,4.77,4.77,4.25,4.55,4.55,1061500.0,0.0,1.0
2020-07-16,4.3,7.38,4.27,5.29,5.29,4723300.0,0.0,1.0
2020-07-15,4.31,4.4,4.0,4.0,4.0,25100.0,0.0,1.0
2020-07-14,4.11,4.44,3.95,4.44,4.44,17800.0,0.0,1.0
2020-07-13,3.97,4.29,3.92,3.95,3.95,26600.0,0.0,1.0
2020-07-10,4.05,4.13,3.76,4.05,4.05,74200.0,0.0,1.0
2020-07-09,4.24,4.27,3.75,3.75,3.75,23200.0,0.0,1.0
2020-07-08,4.2,4.37,4.13,4.32,4.32,10000.0,0.0,1.0
2020-07-07,4.18,4.45,4.18,4.18,4.18,12800.0,0.0,1.0
2020-07-06,4.31,4.48,4.27,4.39,4.39,12600.0,0.0,1.0
2020-07-02,3.95,4.47,3.95,4.32,4.32,23600.0,0.0,1.0
2020-07-01,3.85,4.01,3.85,4.01,4.01,11700.0,0.0,1.0
2020-06-30,4.01,4.01,3.75,3.85,3.85,10300.0,0.0,1.0
2020-06-29,3.94,4.13,3.84,3.88,3.88,14800.0,0.0,1.0
2020-06-26,4.0,4.18,3.9101,4.0108,4.0108,5840.0,0.0,1.0
2020-06-25,3.92,4.2697,3.9,4.04,4.04,19419.0,0.0,1.0
2020-06-24,3.82,4.04,3.7,3.9007,3.9007,15204.0,0.0,1.0
2020-06-23,4.0899,4.09,3.92,3.99,3.99,14440.0,0.0,1.0
2020-06-22,4.03,4.2,3.93,3.93,3.93,19563.0,0.0,1.0
2020-06-19,4.38,4.38,4.0498,4.1,4.1,12815.0,0.0,1.0
2020-06-18,4.2,4.23,4.0,4.0,4.0,23809.0,0.0,1.0
2020-06-17,4.6,4.6,4.11,4.3,4.3,23874.0,0.0,1.0
2020-06-16,4.65,4.715,4.21,4.56,4.56,15974.0,0.0,1.0
2020-06-15,4.3,4.605,4.1058,4.52,4.52,31505.0,0.0,1.0
2020-06-12,4.42,4.5236,4.2924,4.3701,4.3701,9453.0,0.0,1.0
2020-06-11,4.33,4.33,4.0976,4.25,4.25,18593.0,0.0,1.0
2020-06-10,4.79,4.9899,4.52,4.5754,4.5754,33242.0,0.0,1.0
2020-06-09,4.99,4.99,4.5501,4.7799,4.7799,21616.0,0.0,1.0
2020-06-08,4.43,4.93,4.43,4.8,4.8,22495.0,0.0,1.0
2020-06-05,4.4556,4.64,4.3,4.42,4.42,68519.0,0.0,1.0
2020-06-04,4.01,4.3,3.9,4.3,4.3,88197.0,0.0,1.0
2020-06-03,3.8,4.2,3.7001,4.2,4.2,64818.0,0.0,1.0
2020-06-02,3.5,3.8981,3.5,3.8,3.8,156894.0,0.0,1.0
2020-06-01,3.34,4.12,3.34,3.5767,3.5767,432725.0,0.0,1.0
2020-05-29,3.5807,3.81,3.01,3.04,3.04,139607.0,0.0,1.0
2020-05-28,3.57,3.77,3.43,3.77,3.77,9341.0,0.0,1.0
2020-05-27,3.74,3.74,3.45,3.62,3.62,11882.0,0.0,1.0
2020-05-26,3.6,3.7396,3.44,3.505,3.505,9034.0,0.0,1.0
2020-05-22,3.7757,3.7757,3.43,3.44,3.44,5924.0,0.0,1.0
2020-05-21,3.85,4.07,3.59,3.7,3.7,5294.0,0.0,1.0
2020-05-20,3.77,4.15,3.7,3.7,3.7,26431.0,0.0,1.0
2020-05-19,3.671,3.95,3.5575,3.72,3.72,9179.0,0.0,1.0
2020-05-18,3.68,3.94,3.54,3.6371,3.6371,3307.0,0.0,1.0
2020-05-15,3.71,3.87,3.5,3.5,3.5,2624.0,0.0,1.0
2020-05-14,3.54,3.7967,3.54,3.59,3.59,4010.0,0.0,1.0
2020-05-13,3.78,4.1,3.54,3.76,3.76,18149.0,0.0,1.0
2020-05-12,4.0,4.02,3.77,3.77,3.77,13930.0,0.0,1.0
2020-05-11,4.16,4.16,3.89,3.9999,3.9999,2699.0,0.0,1.0
2020-05-08,4.062,4.16,4.062,4.16,4.16,1146.0,0.0,1.0
2020-05-07,4.0744,4.11,4.0744,4.09,4.09,2714.0,0.0,1.0
2020-05-06,3.89,4.3,3.89,4.11,4.11,3162.0,0.0,1.0
2020-05-05,3.76,4.32,3.76,4.13,4.13,11240.0,0.0,1.0
2020-05-04,3.8,4.25,3.8,4.25,4.25,4724.0,0.0,1.0
2020-05-01,3.79,4.0,3.79,3.93,3.93,1704.0,0.0,1.0
2020-04-30,4.27,4.27,4.27,4.27,4.27,404.0,0.0,1.0
2020-04-29,4.54,4.54,4.04,4.21,4.21,8607.0,0.0,1.0
2020-04-28,4.1118,4.2543,3.88,4.2,4.2,4135.0,0.0,1.0
2020-04-27,4.1551,4.1551,3.765,3.93,3.93,4229.0,0.0,1.0
2020-04-24,3.69,3.966,3.67,3.966,3.966,5593.0,0.0,1.0
2020-04-23,3.8708,4.0613,3.7,3.77,3.77,7495.0,0.0,1.0
2020-04-22,3.8628,4.23,3.8628,3.94,3.94,18230.0,0.0,1.0
2020-04-21,4.12,4.12,3.835,3.99,3.99,995.0,0.0,1.0
2020-04-20,4.4624,4.4624,4.01,4.0709,4.0709,2326.0,0.0,1.0
2020-04-17,4.3909,4.58,4.0401,4.25,4.25,5903.0,0.0,1.0
2020-04-16,4.47,4.47,4.11,4.1389,4.1389,11232.0,0.0,1.0
2020-04-15,4.4265,4.4265,4.3455,4.3774,4.3774,1481.0,0.0,1.0
2020-04-14,4.29,4.4,4.22,4.3973,4.3973,3976.0,0.0,1.0
2020-04-13,4.385,4.4,4.3,4.31,4.31,4150.0,0.0,1.0
2020-04-09,4.4,4.7237,4.25,4.3,4.3,58395.0,0.0,1.0
2020-04-08,4.1696,4.5,4.0298,4.24,4.24,13363.0,0.0,1.0
2020-04-07,4.44,4.57,4.0,4.12,4.12,11221.0,0.0,1.0
2020-04-06,4.4,4.4,3.9,4.11,4.11,38555.0,0.0,1.0
2020-04-03,4.04,4.0776,3.8,3.8,3.8,5049.0,0.0,1.0
2020-04-02,3.78,4.49,3.71,3.97,3.97,132980.0,0.0,1.0
2020-04-01,3.64,3.89,3.51,3.6501,3.6501,16504.0,0.0,1.0
2020-03-31,4.14,4.19,3.8,3.99,3.99,134818.0,0.0,1.0
2020-03-30,3.2,4.37,3.2,3.95,3.95,53158.0,0.0,1.0
2020-03-27,3.37,4.4027,3.27,3.3,3.3,37128.0,0.0,1.0
2020-03-26,3.74,4.5,3.51,3.51,3.51,24544.0,0.0,1.0
2020-03-25,3.518,3.8422,3.31,3.64,3.64,5465.0,0.0,1.0
2020-03-24,3.58,3.97,3.28,3.545,3.545,9075.0,0.0,1.0
2020-03-23,3.73,3.79,3.4,3.4,3.4,6083.0,0.0,1.0
2020-03-20,3.91,3.995,3.63,3.7498,3.7498,89279.0,0.0,1.0
2020-03-19,3.55,4.1,3.55,3.82,3.82,11333.0,0.4451,1.0
2020-03-18,4.1602,4.25,3.5,3.7,3.31389015629,10594.0,0.0,1.0
2020-03-17,4.8,4.8,4.8,4.8,4.29910074329,550.0,0.0,1.0
2020-03-16,5.58,5.58,4.65,4.969,4.4504649153,5672.0,0.0,1.0
2020-03-13,5.16,5.84,5.16,5.3,4.74692373739,29120.0,0.0,1.0
2020-03-12,5.5,5.5,4.63,5.02,4.49614286069,26226.0,0.0,1.0
2020-03-11,5.7105,5.7105,5.49,5.61,5.02457399372,4954.0,0.0,1.0
2020-03-10,6.24,6.24,5.75,5.76,5.15892089195,7799.0,0.0,1.0
2020-03-09,6.0,6.0,5.53,5.91,5.29326779018,4980.0,0.0,1.0
2020-03-06,5.85,6.18,5.85,6.18,5.53509220699,2765.0,0.0,1.0
2020-03-05,6.07,6.22,5.9083,5.97,5.34700654947,1946.0,0.0,1.0
2020-03-04,6.22,6.3636,6.165,6.19,5.54404866687,3699.0,0.0,1.0
2020-03-03,6.07,6.54,6.07,6.33,5.66943910522,11040.0,0.0,1.0
2020-03-02,5.91,6.2,5.8,6.2,5.55300512675,8571.0,0.0,1.0
2020-02-28,5.85,6.04,5.85,5.93,5.31118070994,26715.0,0.0,1.0
2020-02-27,6.03,6.2439,5.85,6.1012,5.46451530312,9661.0,0.0,1.0
2020-02-26,6.3818,6.4416,6.05,6.05,5.41865822852,8442.0,0.0,1.0
2020-02-25,6.2501,6.421,6.11,6.282,5.62644809778,5876.0,0.0,1.0
2020-02-24,6.5,6.68,6.29,6.49,5.81274246333,2826.0,0.0,1.0
2020-02-21,6.6027,6.8,6.41,6.57,5.88439414238,16728.0,0.0,1.0
2020-02-20,6.53,6.7,6.5,6.6,5.91126352203,3625.0,0.0,1.0
2020-02-19,6.8027,6.8614,6.63,6.66,5.96500228132,17887.0,0.0,1.0
2020-02-18,7.22,7.22,6.76,7.0,6.2695219173,27916.0,0.0,1.0
2020-02-14,7.0,7.315,7.0,7.25,6.49343341435,5193.0,0.0,1.0
2020-02-13,7.121,7.1744,7.0,7.0,6.2695219173,3596.0,0.0,1.0
2020-02-12,7.4394,7.4394,7.0695,7.1373,6.39249411148,6935.0,0.0,1.0
2020-02-11,7.29,7.51,7.04,7.37,6.60091093293,8373.0,0.0,1.0
2020-02-10,7.05,7.2605,7.05,7.1755,6.42670778823,2060.0,0.0,1.0
2020-02-07,7.36,7.36,7.19,7.3565,6.58881971209,2151.0,0.0,1.0
2020-02-06,7.4867,7.55,7.4153,7.45,6.67256261199,3106.0,0.0,1.0
2020-02-05,7.33,7.6,7.33,7.6,6.80690951021,3428.0,0.0,1.0
2020-02-04,7.3,7.38,7.09,7.1209,6.37780551727,3804.0,0.0,1.0
2020-02-03,7.4158,7.4281,7.0673,7.07,6.33221713647,5764.0,0.0,1.0
2020-01-31,7.23,7.46,7.1954,7.21,6.45760757482,5041.0,0.0,1.0
2020-01-30,7.355,7.51,7.34,7.51,6.72630137128,1664.0,0.0,1.0
2020-01-29,7.4885,7.4885,7.33,7.36,6.59195447305,12069.0,0.0,1.0
2020-01-28,7.49,8.05,7.44,7.52,6.73525783116,9952.0,0.0,1.0
2020-01-27,7.3823,7.59,7.2859,7.2859,6.52558710532,4314.0,0.0,1.0
2020-01-24,7.47,7.5739,7.24,7.5739,6.78353314992,2506.0,0.0,1.0
2020-01-23,7.46,7.46,7.46,7.46,6.68151907187,696.0,0.0,1.0
2020-01-22,7.63,7.63,7.47,7.63,6.83377888986,3925.0,0.0,1.0
2020-01-21,7.56,7.75,7.2472,7.75,6.94125640844,13772.0,0.0,1.0
2020-01-17,7.8,7.8,7.8,7.8,6.98603870785,357.0,0.0,1.0
2020-01-16,8.0002,8.09,7.7885,7.85,7.03082100726,8441.0,0.0,1.0
2020-01-15,8.3972,8.48,8.01,8.03,7.19203728513,17163.0,0.0,1.0
2020-01-14,8.32,8.37,8.195,8.24,7.38012294265,26662.0,0.0,1.0
2020-01-13,8.5043,8.5089,8.355,8.4,7.52342630076,5929.0,0.0,1.0
2020-01-10,8.68,8.71,8.45,8.63,7.72942487804,3679.0,0.0,1.0
2020-01-09,8.736,8.75,8.54,8.74,7.82794593674,9956.0,0.0,1.0
2020-01-08,8.42,8.92,8.42,8.75,7.83690239663,6751.0,0.0,1.0
2020-01-07,8.73,8.74,8.36,8.4,7.52342630076,2731.0,0.0,1.0
2020-01-06,8.79,8.85,8.55,8.85,7.92646699545,3379.0,0.0,1.0
2020-01-03,8.8,9.0,8.6732,9.0,8.06081389367,2063.0,0.0,1.0
2020-01-02,8.8,8.8,8.8,8.8,7.88168469604,312.0,0.0,1.0
2019-12-31,8.4,8.63,8.3581,8.61,7.71151195828,2035.0,0.0,1.0
2019-12-30,8.8,8.8,8.39,8.54,7.64881673911,5895.0,0.0,1.0
2019-12-27,8.7365,8.81,8.56,8.7041,7.79579224577,4710.0,0.0,1.0
2019-12-26,8.84,8.84,8.5,8.5,7.61299089958,557.0,0.0,1.0
2019-12-24,8.8214,8.8214,8.76,8.792,7.87451952813,1774.0,0.0,1.0
2019-12-23,8.04,8.71,8.04,8.71,7.8010765571,15546.0,0.0,1.0
2019-12-20,8.59,8.828,8.35,8.35,7.47864400135,18101.0,0.0,1.0
2019-12-19,8.42,8.76,8.3979,8.63,7.72942487804,32783.0,0.0,1.0
2019-12-18,8.53,8.53,8.26,8.26,7.39803586242,11569.0,0.0,1.0
2019-12-17,8.09,8.48,7.78,8.41,7.53238276064,17827.0,0.0,1.0
2019-12-16,8.4,8.76,7.9,7.9,7.07560330667,8965.0,0.0,1.0
2019-12-13,8.562,8.74,7.95,8.165,7.31294949354,34020.0,0.0,1.0
2019-12-12,8.29,8.4,7.99,8.31,7.44281816182,8746.0,0.0,1.0
2019-12-11,7.86,8.2806,7.86,8.05,7.2099502049,14842.0,0.0,1.0
2019-12-10,8.27,8.27,7.84,7.8978,7.07363288549,17292.0,0.0,1.0
2019-12-09,8.01,8.03,7.615,8.03,7.19203728513,13211.0,0.0,1.0
2019-12-06,7.9345,8.0042,7.56,7.98,7.14725498572,11259.0,0.0,1.0
2019-12-05,7.82,8.12,7.77,7.82,7.00395162761,12559.0,0.0,1.0
2019-12-04,7.27,7.6756,7.27,7.6,6.80690951021,33408.0,0.0,1.0
2019-12-03,7.2151,7.285,7.15,7.15,6.40386881553,4420.0,0.0,1.0
2019-12-02,7.1897,7.44,7.16,7.323,6.55881557149,9590.0,0.0,1.0
2019-11-29,7.2,7.4,7.17,7.18,6.43073819517,13737.0,0.0,1.0
2019-11-27,7.54,7.54,7.1,7.2373,6.4820587103,24041.0,0.0,1.0
2019-11-26,7.52,7.56,7.1694,7.56,6.77108367069,26761.0,0.0,1.0
2019-11-25,7.5841,7.75,7.42,7.75,6.94125640844,4574.0,0.0,1.0
2019-11-22,7.6046,7.81,7.41,7.41,6.63673677246,10369.0,0.0,1.0
2019-11-21,7.824,7.945,7.4,7.4,6.62778031258,10223.0,0.0,1.0
2019-11-20,8.0328,8.37,7.83,8.0,7.16516790549,17633.0,0.0,1.0
2019-11-19,8.35,8.35,8.1,8.31,7.44281816182,3097.0,0.0,1.0
2019-11-18,9.0,9.08,8.3868,8.3868,7.51160377372,15584.0,0.0,1.0
2019-11-15,7.76,8.91,7.76,8.375,7.50103515106,29241.0,0.0,1.0
2019-11-14,7.2,7.565,7.2,7.3921,6.62070470927,5096.0,0.0,1.0
2019-11-13,7.3,7.57,7.11,7.15,6.40386881553,8346.0,0.0,1.0
2019-11-12,8.33,8.33,7.02,7.15,6.40386881553,12621.0,0.0,1.0
2019-11-11,8.8284,8.8697,8.2901,8.455,7.57268683011,36425.0,0.0,1.0
2019-11-08,8.8036,9.078,8.65,9.05,8.10559619308,9448.0,0.0,1.0
2019-11-07,8.61,9.13,8.56,9.12,8.16829141226,20306.0,0.0,1.0
2019-11-06,8.3159,8.69,8.1415,8.1415,7.29190181282,10619.0,0.0,1.0
2019-11-05,8.52,8.565,8.3,8.3,7.43386170194,27599.0,0.0,1.0
2019-11-04,9.21,9.21,8.27,8.27,7.4069923223,6470.0,0.0,1.0
2019-11-01,9.08,9.4,9.0,9.0,8.06081389367,1796.0,0.0,1.0
2019-10-31,9.23,9.23,9.08,9.08,8.13246557273,831.0,0.0,1.0
2019-10-30,9.5038,9.6,9.1,9.6,8.59820148658,6768.0,0.0,1.0
2019-10-29,10.1205,10.22,9.665,9.665,8.65641847582,9867.0,0.0,1.0
2019-10-28,10.15,10.1935,10.15,10.1935,9.12976738057,1149.0,0.0,1.0
2019-10-25,10.1135,10.1308,9.84,10.0507,9.00186913346,6902.0,0.0,1.0
2019-10-24,9.84,10.25,9.8,10.1,9.04602448068,38306.0,0.0,1.0
2019-10-23,10.1641,10.33,9.49,9.57,8.57133210694,36641.0,0.0,1.0
2019-10-22,10.5103,10.6116,9.69,10.46,9.36845703642,32829.0,0.0,1.0
2019-10-21,10.7732,10.7732,10.06,10.56,9.45802163524,18315.0,0.0,1.0
2019-10-18,11.3445,11.3445,11.15,11.15,9.98645276827,707.0,0.0,1.0
2019-10-17,11.4516,11.4516,11.3162,11.3162,10.1353091315,284.0,0.0,1.0
2019-10-16,10.78,11.26,10.78,11.26,10.084973827,2951.0,0.0,1.0
2019-10-15,11.05,11.15,11.05,11.15,9.98645276827,831.0,0.0,1.0
2019-10-14,11.1,11.3277,11.1,11.255,10.080495597,3019.0,0.0,1.0
2019-10-11,11.255,11.52,11.255,11.26,10.084973827,662.0,0.0,1.0
2019-10-10,11.057,11.241,11.0397,11.241,10.0679565532,8209.0,0.0,1.0
2019-10-09,11.19,11.19,11.19,11.19,10.0222786078,181.0,0.0,1.0
2019-10-08,11.23,11.23,11.0757,11.19,10.0222786078,7352.0,0.0,1.0
2019-10-07,11.275,11.3,10.89,11.3,10.1207996665,1456.0,0.0,1.0
2019-10-04,11.44,11.44,11.33,11.33,10.1476690461,488.0,0.0,1.0
2019-10-03,11.242,11.242,11.242,11.242,10.0688521992,437.0,0.0,1.0
2019-10-02,11.13,11.32,11.13,11.15,9.98645276827,1753.0,0.0,1.0
2019-10-01,11.1642,11.1642,11.1642,11.1642,9.99917094131,39.0,0.0,1.0
2019-09-30,11.28,11.29,11.06,11.1642,9.99917094131,695.0,0.0,1.0
2019-09-27,11.69,11.69,11.69,11.69,10.4701016019,230.0,0.0,1.0
2019-09-26,11.5631,11.75,11.49,11.75,10.5238403612,2445.0,0.0,1.0
2019-09-25,11.51,11.78,11.51,11.78,10.5507097408,565.0,0.0,1.0
2019-09-24,11.5977,11.705,11.5,11.53,10.3267982438,10733.0,0.0,1.0
2019-09-23,11.71,11.7637,11.49,11.52,10.3178417839,34658.0,0.0,1.0
2019-09-20,11.96,11.99,11.75,11.99,10.7387953983,655.0,0.0,1.0
2019-09-19,11.4257,11.63,11.4257,11.63,10.4163628426,1638.0,0.0,1.0
2019-09-18,11.55,11.81,11.35,11.35,10.1655819659,3505.0,0.0,1.0
2019-09-17,11.5654,11.9511,11.5654,11.9511,10.7039547694,639.0,0.0,1.0
2019-09-16,12.0,12.0204,11.91,12.0204,10.7660230364,1521.0,0.0,1.0
2019-09-13,12.1,12.1,11.89,11.9,10.6581872594,7419.0,0.0,1.0
2019-09-12,11.6172,11.78,11.5755,11.78,10.5507097408,6483.0,0.0,1.0
2019-09-11,11.62,11.64,11.33,11.33,10.1476690461,4188.0,0.0,1.0
2019-09-10,11.4427,11.67,11.4427,11.45,10.2551465647,5607.0,0.0,1.0
2019-09-09,11.34,11.34,11.34,11.34,10.156625506,267.0,0.0,1.0
2019-09-06,11.51,11.645,11.45,11.48,10.2820159444,4974.0,0.0,1.0
2019-09-05,11.32,11.57,10.9,11.2927,10.1142614508,40525.0,0.0,1.0
2019-09-04,11.43,11.46,11.1,11.1,9.94167046886,5227.0,0.0,1.0
2019-09-03,11.42,11.42,11.1,11.1,9.94167046886,2661.0,0.0,1.0
2019-08-30,11.385,11.59,11.2,11.2,10.0312350677,1034.0,0.0,1.0
2019-08-29,11.0,11.31,11.0,11.31,10.1297561264,777.0,0.0,1.0
2019-08-28,11.53,11.71,10.96,10.96,9.81628003052,5041.0,0.0,1.0
2019-08-27,11.1989,11.465,11.1152,11.22,10.0491479874,35591.0,0.0,1.0
2019-08-26,11.4049,11.445,11.1,11.1,9.94167046886,7345.0,0.0,1.0
2019-08-23,11.23,11.31,11.195,11.26,10.084973827,43455.0,0.0,1.0
2019-08-22,11.2,11.22,11.2,11.22,10.0491479874,2258.0,0.0,1.0
2019-08-21,11.25,11.56,11.25,11.44,10.2461901048,7532.0,0.0,1.0
2019-08-20,11.67,11.67,11.67,11.67,10.4521886821,1435.0,0.0,1.0
2019-08-19,11.45,11.57,11.4,11.57,10.3626240833,5308.0,0.0,1.0
2019-08-16,10.78,11.65,10.78,11.4594,10.263565637,18457.0,0.0,1.0
2019-08-15,11.11,11.28,10.9001,11.0,9.85210587005,8141.0,0.0,1.0
2019-08-14,11.34,11.34,11.34,11.34,10.156625506,450.0,0.0,1.0
2019-08-13,11.4,11.64,11.4,11.54,10.3357547037,1234.0,0.0,1.0
2019-08-12,11.5,11.5,11.5,11.5,10.2999288641,120.0,0.0,1.0
2019-08-09,11.245,11.72,11.245,11.4827,10.2844341885,2710.0,0.0,1.0
2019-08-08,11.3374,11.3374,11.25,11.25,10.0760173671,315.0,0.0,1.0
2019-08-07,11.21,11.33,11.15,11.25,10.0760173671,7155.0,0.0,1.0
2019-08-06,11.45,11.45,10.7,11.14,9.97749630839,8319.0,0.0,1.0
2019-08-05,11.5,11.5,11.27,11.5,10.2999288641,1255.0,0.0,1.0
2019-08-02,11.7,11.98,11.5,11.51,10.308885324,4761.0,0.0,1.0
2019-08-01,11.795,12.02,11.795,12.02,10.765664778,519.0,0.0,1.0
2019-07-31,12.14,12.15,11.67,11.7304,10.5062856998,2399.0,0.0,1.0
2019-07-30,11.59,12.04,11.59,12.04,10.7835776978,4627.0,0.0,1.0
2019-07-29,11.8412,12.0899,11.7967,12.05,10.7925341576,1771.0,0.0,1.0
2019-07-26,11.795,11.928,11.795,11.928,10.6832653471,545.0,0.0,1.0
2019-07-25,11.7852,11.7852,11.7852,11.7852,10.5553671,213.0,0.0,1.0
2019-07-24,12.1299,12.13,11.825,11.9,10.6581872594,603.0,0.0,1.0
2019-07-23,12.14,12.14,11.8843,11.8843,10.6441256174,1571.0,0.0,1.0
2019-07-22,12.22,12.22,12.1374,12.14,10.8731422966,2872.0,0.0,1.0
2019-07-19,12.22,12.22,12.22,12.22,10.9447939756,200.0,0.0,1.0
2019-07-18,12.1,12.215,12.1,12.215,10.9403157457,2910.0,0.0,1.0
2019-07-17,12.31,12.31,12.25,12.25,10.9716633553,511.0,0.0,1.0
2019-07-16,12.095,12.24,12.095,12.24,10.9627068954,1065.0,0.0,1.0
2019-07-15,12.0179,12.3,12.0179,12.15,10.8820987565,7991.0,0.0,1.0
2019-07-12,11.96,12.22,11.96,12.22,10.9447939756,561.0,0.0,1.0
2019-07-11,12.16,12.16,12.0,12.0,10.7477518582,1509.0,0.0,1.0
2019-07-10,11.88,12.2373,11.6,11.98,10.7298389385,14382.0,0.0,1.0
2019-07-09,12.02,12.39,11.88,11.88,10.6402743396,3000.0,0.0,1.0
2019-07-08,12.32,12.475,12.01,12.01,10.7567083181,7661.0,0.0,1.0
2019-07-05,12.2627,12.69,12.26,12.26,10.9806198152,1577.0,0.0,1.0
2019-07-03,12.52,12.545,12.52,12.545,11.2358789218,265.0,0.0,1.0
2019-07-02,12.5027,12.77,12.5027,12.77,11.4373992691,1693.0,0.0,1.0
2019-07-01,12.54,12.59,12.31,12.57,11.2582700715,1432.0,0.0,1.0
2019-06-28,12.5,12.605,12.5,12.5,11.1955748523,2969.0,0.0,1.0
2019-06-27,12.445,12.445,12.35,12.35,11.0612279541,582.0,0.0,1.0
2019-06-26,12.08,12.385,12.07,12.385,11.0925755637,11917.0,0.0,1.0
2019-06-25,12.67,12.77,11.72,11.72,10.4969709815,6215.0,0.0,1.0
2019-06-24,12.2776,12.2776,12.2776,12.2776,10.9963831846,281.0,0.0,1.0
2019-06-21,12.3697,12.3697,12.1,12.34,11.0522714942,4239.0,0.0,1.0
2019-06-20,12.05,12.54,12.0,12.54,11.2314006919,13533.0,0.0,1.0
2019-06-19,12.07,12.07,12.07,12.07,10.8104470774,296.0,0.0,1.0
2019-06-18,12.23,12.23,12.22,12.22,10.9447939756,973.0,0.0,1.0
2019-06-17,11.9132,12.2795,11.9132,12.1001,10.8374060216,496.0,0.0,1.0
2019-06-14,12.215,12.215,12.215,12.215,10.9403157457,200.0,0.0,1.0
2019-06-13,12.31,12.38,12.1205,12.1205,10.8556771998,1490.0,0.0,1.0
2019-06-12,12.79,12.7927,12.2265,12.2265,10.9506156746,24039.0,0.0,1.0
2019-06-11,12.2865,12.8165,12.2865,12.59,11.2761829913,3785.0,0.0,1.0
2019-06-10,12.4189,12.4409,12.35,12.35,11.0612279541,1384.0,0.0,1.0
2019-06-07,12.12,12.12,11.94,12.05,10.7925341576,3484.0,0.0,1.0
2019-06-06,11.98,12.0616,11.98,12.0616,10.8029236511,434.0,0.0,1.0
2019-06-05,12.01,12.0723,11.9826,12.0723,10.8125070632,1074.0,0.0,1.0
2019-06-04,11.82,12.08,11.8,11.9,10.6581872594,6543.0,0.0,1.0
2019-06-03,11.6659,11.9593,11.5299,11.55,10.3447111635,22234.0,0.0,1.0
2019-05-31,11.775,11.8115,11.6113,11.6113,10.3996142626,5039.0,0.0,1.0
2019-05-30,11.6,11.9293,11.5435,11.7001,10.4791476264,24271.0,0.0,1.0
2019-05-29,12.0,12.0,11.28,11.45,10.2551465647,5861.0,0.0,1.0
2019-05-28,11.9006,12.11,11.56,12.11,10.8462729169,12429.0,0.0,1.0
2019-05-24,11.5581,12.32,11.54,12.32,11.0343585745,612.0,0.0,1.0
2019-05-23,11.75,12.0,11.75,12.0,10.7477518582,455.0,0.0,1.0
2019-05-22,12.045,12.2,11.82,12.2,10.9268810559,3786.0,0.0,1.0
2019-05-21,11.9177,11.9177,11.9177,11.9177,10.6740401934,5.0,0.0,1.0
2019-05-20,12.3137,12.3137,11.9177,11.9177,10.6740401934,3511.0,0.0,1.0
2019-05-17,11.99,12.5,11.96,12.5,11.1955748523,2914.0,0.0,1.0
2019-05-16,11.9,11.9,11.6484,11.6484,10.4328427288,261.0,0.0,1.0
2019-05-15,11.51,11.95,11.5,11.95,10.7029695588,2381.0,0.0,1.0
2019-05-14,11.55,12.27,11.28,11.95,10.7029695588,33243.0,0.0,1.0
2019-05-13,12.3551,12.3551,12.01,12.219,10.9438983296,1465.0,0.0,1.0
2019-05-10,12.59,12.59,12.31,12.35,11.0612279541,2702.0,0.0,1.0
2019-05-09,12.56,12.7497,12.56,12.74,11.4105298895,2204.0,0.0,1.0
2019-05-08,12.84,12.85,12.81,12.81,11.4732251087,3841.0,0.0,1.0
2019-05-07,13.13,13.13,13.13,13.13,11.7598318249,170.0,0.0,1.0
2019-05-06,13.02,13.68,12.9,13.13,11.7598318249,7109.0,0.0,1.0
2019-05-03,13.01,13.01,13.01,13.01,11.6523543063,4.0,0.0,1.0
2019-05-02,13.02,13.03,13.01,13.01,11.6523543063,811.0,0.0,1.0
2019-05-01,13.3889,13.3889,13.3889,13.3889,11.9917145712,26.0,0.0,1.0
2019-04-30,13.3889,13.3889,13.3889,13.3889,11.9917145712,5660.0,0.0,1.0
2019-04-29,13.34,13.34,13.0,13.1,11.7329624452,5761.0,0.0,1.0
2019-04-26,12.95,13.0148,12.95,13.0148,11.656653407,380.0,0.0,1.0
2019-04-25,13.31,13.59,12.87,12.9,11.5538332476,5794.0,0.0,1.0
2019-04-24,13.1001,13.1001,13.1001,13.1001,11.7330520098,577.0,0.0,1.0
2019-04-23,13.22,13.4045,12.96,12.96,11.6075720069,3591.0,0.0,1.0
2019-04-22,12.96,12.96,12.96,12.96,11.6075720069,44.0,0.0,1.0
2019-04-18,12.96,12.96,12.96,12.96,11.6075720069,174.0,0.0,1.0
2019-04-17,13.45,13.45,12.96,12.96,11.6075720069,1448.0,0.0,1.0
2019-04-16,13.45,13.45,13.45,13.45,12.0464385411,35.0,0.0,1.0
2019-04-15,13.28,13.7,13.2761,13.45,12.0464385411,2579.0,0.0,1.0
2019-04-12,12.9748,12.9748,12.9748,12.9748,11.6208275675,3481.0,0.0,1.0
2019-04-11,13.1628,13.2,12.9748,12.9748,11.6208275675,1584.0,0.0,1.0
2019-04-10,13.25,13.25,13.1999,13.2,11.8225270441,1862.0,0.0,1.0
2019-04-09,13.11,13.4035,13.06,13.2,11.8225270441,11170.0,0.0,1.0
2019-04-08,13.29,13.5,13.075,13.11,11.7419189051,26191.0,0.0,1.0
2019-04-05,13.4027,13.4027,13.4027,13.4027,12.0040744859,1505.0,0.0,1.0
2019-04-04,13.16,13.75,13.14,13.57,12.1539160597,23253.0,0.0,1.0
2019-04-03,13.3,13.3,13.1,13.1,11.7329624452,6313.0,0.0,1.0
2019-04-02,13.4058,13.4058,13.0604,13.1,11.7329624452,3760.0,0.0,1.0
2019-04-01,13.09,13.73,13.07,13.6,12.1807854393,9641.0,0.0,1.0
2019-03-29,12.85,12.98,12.85,12.9764,11.6222606011,1327.0,0.0,1.0
2019-03-28,12.6073,12.7,12.33,12.7,11.37470405,7920.0,0.0,1.0
2019-03-27,12.64,12.77,12.59,12.61,11.294095911,2766.0,0.0,1.0
2019-03-26,12.9227,12.9227,12.8,12.8084,11.4717920751,2375.0,0.0,1.0
2019-03-25,12.94,12.94,12.8,12.8,11.4642686488,10854.0,0.0,1.0
2019-03-22,13.35,13.35,13.0,13.13,11.7598318249,2833.0,0.0,1.0
2019-03-21,13.21,13.585,13.21,13.5849,12.1672611849,12485.0,0.0,1.0
2019-03-20,13.74,13.74,13.21,13.21,11.8314835039,1480.0,0.224,1.0
2019-03-19,13.7527,13.76,13.75,13.75,12.1097668263,851.0,0.0,1.0
2019-03-18,13.93,13.93,13.63,13.65,12.0216957949,1355.0,0.0,1.0
2019-03-15,13.57,13.65,13.5,13.63,12.0040815886,2339.0,0.0,1.0
2019-03-14,13.9332,13.9332,13.9332,13.9332,12.271112956,163.0,0.0,1.0
2019-03-13,13.65,13.67,13.4,13.6,11.9776602791,3322.0,0.0,1.0
2019-03-12,13.71,13.77,13.507,13.68,12.0481171043,2780.0,0.0,1.0
2019-03-11,13.5,13.82,13.5,13.51,11.8983963508,4003.0,0.0,1.0
2019-03-08,13.76,13.92,13.34,13.34,11.7486755973,878.0,0.0,1.0
2019-03-07,13.8167,13.8167,13.46,13.48,11.8719750414,6206.0,0.0,1.0
2019-03-06,14.1,14.45,13.98,13.98,12.3123301987,5845.0,0.0,1.0
2019-03-05,14.15,14.22,14.0201,14.0201,12.3476466823,4749.0,0.0,1.0
2019-03-04,14.1918,14.1918,14.1918,14.1918,12.4988646433,497.0,0.0,1.0
2019-03-01,14.24,14.4105,14.15,14.15,12.4620509522,7205.0,0.0,1.0
2019-02-28,14.72,14.79,13.98,14.79,13.0257055535,3490.0,0.0,1.0
2019-02-27,14.5,14.87,14.39,14.8,13.0345126567,4919.0,0.0,1.0
2019-02-26,14.65,15.09,14.52,14.7,12.9464416252,5899.0,0.0,1.0
2019-02-25,14.7603,14.79,14.5,14.5,12.7702995623,579.0,0.0,1.0
2019-02-22,14.6,14.88,14.55,14.8,13.0345126567,24141.0,0.0,1.0
2019-02-21,14.2811,14.29,14.17,14.17,12.4796651585,1918.0,0.0,1.0
2019-02-20,14.6398,14.68,14.43,14.67,12.9200203158,2279.0,0.0,1.0
2019-02-19,14.48,14.59,14.3,14.59,12.8495634906,9554.0,0.0,1.0
2019-02-15,14.43,14.44,14.27,14.29,12.5853503962,12930.0,0.0,1.0
2019-02-14,14.34,14.34,13.66,14.055,12.3783834723,14203.0,0.0,1.0
2019-02-13,14.635,14.78,14.3,14.3,12.5941574994,5525.0,0.0,1.0
2019-02-12,14.8,14.88,14.51,14.88,13.1049694819,1008.0,0.0,1.0
2019-02-11,14.77,14.8873,14.47,14.88,13.1049694819,2502.0,0.0,1.0
2019-02-08,15.4899,15.4899,14.6601,15.36,13.5277104329,698.0,0.0,1.0
2019-02-07,15.47,15.5199,14.76,15.17,13.3603754731,2334.0,0.0,1.0
2019-02-06,15.66,15.6699,15.06,15.06,13.2634973385,11421.0,0.0,1.0
2019-02-05,15.3,15.73,14.91,15.73,13.8535732493,2153.0,0.0,1.0
2019-02-04,14.9,14.9,14.9,14.9,13.1225836882,144.0,0.0,1.0
2019-02-01,15.12,15.76,14.37,14.9,13.1225836882,4316.0,0.0,1.0
2019-01-31,15.18,15.18,14.7782,14.79,13.0257055535,889.0,0.0,1.0
2019-01-30,14.56,15.22,14.44,15.15,13.3427612668,4735.0,0.0,1.0
2019-01-29,14.49,14.76,14.29,14.76,12.9992842441,1519.0,0.0,1.0
2019-01-28,14.23,14.63,14.23,14.23,12.5325077773,1195.0,0.0,1.0
2019-01-25,14.55,14.55,14.55,14.55,12.814335078,290.0,0.0,1.0
2019-01-24,14.337,14.9399,14.18,14.54,12.8055279749,2547.0,0.0,1.0
2019-01-23,14.5548,14.5548,14.11,14.49,12.7614924591,2131.0,0.0,1.0
2019-01-22,14.5,14.54,14.33,14.54,12.8055279749,3357.0,0.0,1.0
2019-01-18,14.85,14.85,14.47,14.49,12.7614924591,12445.0,0.0,1.0
2019-01-17,14.72,15.03,14.37,14.81,13.0433197598,6759.0,0.0,1.0
2019-01-16,14.34,14.68,14.27,14.68,12.9288274189,835.0,0.0,1.0
2019-01-15,14.2409,14.2409,14.24,14.24,12.5413148805,387.0,0.0,1.0
2019-01-14,14.79,14.79,14.39,14.56,12.8231421812,5549.0,0.0,1.0
2019-01-11,14.32,14.87,13.94,14.53,12.7967208717,5548.0,0.0,1.0
2019-01-10,14.18,14.56,13.93,13.93,12.268294683,1769.0,0.0,1.0
2019-01-09,14.17,14.5,14.13,14.5,12.7702995623,963.0,0.0,1.0
2019-01-08,13.8969,14.22,13.75,13.75,12.1097668263,3019.0,0.0,1.0
2019-01-07,14.028,14.24,14.028,14.05,12.3739799207,2236.0,0.0,1.0
2019-01-04,13.41,14.2,13.0,13.82,12.1714165483,11675.0,0.0,1.0
2019-01-03,13.65,13.65,13.65,13.65,12.0216957949,100.0,0.0,1.0
2019-01-02,13.65,13.65,13.65,13.65,12.0216957949,450.0,0.0,1.0
2018-12-31,13.89,14.06,13.59,13.6,11.9776602791,1543.0,0.0,1.0
2018-12-28,13.9494,14.0198,13.9494,14.0198,12.3473824692,951.0,0.0,1.0
2018-12-27,13.6933,14.17,13.655,14.17,12.4796651585,2157.0,0.0,1.0
2018-12-26,13.5372,13.84,13.35,13.6339,12.0075163588,8066.0,0.0,1.0
2018-12-24,13.2861,13.2861,13.2861,13.2861,11.7012053114,424.0,0.0,1.0
2018-12-21,13.41,13.62,13.11,13.57,11.9512389697,10251.0,0.0,1.0
2018-12-20,13.45,13.7384,13.0,13.15,11.5813406375,14056.0,0.0,1.0
2018-12-19,13.62,13.89,13.25,13.25,11.669411669,7590.0,0.0,1.0
2018-12-18,13.61,13.61,13.61,13.61,11.9864673823,981.0,0.0,1.0
2018-12-17,14.25,14.3,13.96,13.96,12.2947159924,1296.0,0.0,1.0
2018-12-14,14.0,14.54,14.0,14.4,12.6822285308,5553.0,0.0,1.0
2018-12-13,14.15,14.15,14.09,14.09,12.4092083333,517.0,0.0,1.0
2018-12-12,14.17,14.25,14.05,14.05,12.3739799207,3642.0,0.0,1.0
2018-12-11,14.28,14.28,13.95,14.01,12.3387515081,1437.0,0.0,1.0
2018-12-10,14.06,14.1159,13.91,14.03,12.3563657144,6867.0,0.0,1.0
2018-12-07,14.7193,14.7193,13.955,14.2001,12.5061745389,78259.0,0.0,1.0
2018-12-06,14.3,14.5,14.1705,14.5,12.7702995623,2782.0,0.0,1.0
2018-12-04,14.31,14.58,14.275,14.58,12.8407563875,17329.0,0.0,1.0
2018-12-03,14.2,14.62,14.2,14.62,12.8759848001,15693.0,0.0,1.0
2018-11-30,14.01,14.2909,13.81,14.14,12.453243849,37422.0,0.0,1.0
2018-11-29,14.16,14.4519,14.15,14.28,12.5765432931,11761.0,0.0,1.0
2018-11-28,14.02,14.23,13.75,14.0,12.329944405,78538.0,0.0,1.0
2018-11-27,13.81,13.9,13.59,13.74,12.1009597232,4109.0,0.0,1.0
2018-11-26,14.03,14.29,13.78,13.85,12.1978378578,77533.0,0.0,1.0
2018-11-23,13.88,14.0209,13.85,14.02,12.3475586113,9740.0,0.0,1.0
2018-11-21,13.8,14.33,13.8,14.15,12.4620509522,103908.0,0.0,1.0
2018-11-20,13.7612,14.545,13.1,13.51,11.8983963508,6587.0,0.0,1.0
2018-11-19,14.0645,14.39,14.0,14.01,12.3387515081,1515.0,0.0,1.0
2018-11-16,14.0,14.45,14.0,14.33,12.6205788088,7030.0,0.0,1.0
2018-11-15,13.95,14.22,13.6,13.96,12.2947159924,30450.0,0.0,1.0
2018-11-14,14.1,14.15,13.75,13.75,12.1097668263,6100.0,0.0,1.0
2018-11-13,13.74,13.99,13.67,13.92,12.2594875798,755.0,0.0,1.0
2018-11-12,14.4,14.4,14.05,14.05,12.3739799207,9961.0,0.0,1.0
2018-11-09,14.4,14.4,14.4,14.4,12.6822285308,189.0,0.0,1.0
2018-11-08,14.15,14.43,14.15,14.4,12.6822285308,4549.0,0.0,1.0
2018-11-07,14.52,14.8,14.16,14.21,12.514893571,1360.0,0.0,1.0
2018-11-06,14.06,14.9,14.06,14.9,13.1225836882,2906.0,0.0,1.0
2018-11-05,14.27,14.49,13.9201,14.25,12.5501219836,3119.0,0.0,1.0
2018-11-02,13.52,14.14,13.52,13.99,12.3211373018,8748.0,0.0,1.0
2018-11-01,13.22,13.5222,13.2082,13.45,11.8455537319,3994.0,0.0,1.0
2018-10-31,13.7,13.94,12.96,12.96,11.4140056777,5509.0,0.0,1.0
2018-10-30,13.67,13.9389,12.92,13.43,11.8279395256,7536.0,0.0,1.0
2018-10-29,14.36,14.3899,13.44,13.9532,12.2887271622,8848.0,0.0,1.0
2018-10-26,14.1805,14.37,14.15,14.15,12.4620509522,7546.0,0.0,1.0
2018-10-25,14.16,14.41,13.77,14.15,12.4620509522,14511.0,0.0,1.0
2018-10-24,14.2232,14.2232,14.07,14.07,12.391594127,722.0,0.0,1.0
2018-10-23,14.2,14.5,14.11,14.5,12.7702995623,2386.0,0.0,1.0
2018-10-22,14.59,14.71,14.4001,14.41,12.691035634,3542.0,0.0,1.0
2018-10-19,14.5024,14.6187,14.5024,14.6187,12.8748398766,737.0,0.0,1.0
2018-10-18,14.8,14.8,14.4408,14.77,13.0080913472,31149.0,0.0,1.0
2018-10-17,14.98,14.98,14.4701,14.8,13.0345126567,7543.0,0.0,1.0
2018-10-16,14.45,14.9727,14.45,14.85,13.0785481724,8523.0,0.0,1.0
2018-10-15,14.6278,14.79,14.1,14.75,12.990477141,7597.0,0.0,1.0
2018-10-12,14.96,14.99,14.31,14.31,12.6029646025,5160.0,0.0,1.0
2018-10-11,15.09,15.37,14.541,14.97,13.1842334102,14388.0,0.0,1.0
2018-10-10,15.13,15.13,14.6401,14.99,13.2018476165,1628.0,0.0,1.0
2018-10-09,14.9427,15.04,14.78,14.85,13.0785481724,1073.0,0.0,1.0
2018-10-08,15.38,15.38,14.72,14.72,12.9640558315,4901.0,0.0,1.0
2018-10-05,15.33,15.33,14.97,15.3,13.474867814,13850.0,0.0,1.0
2018-10-04,14.9401,15.16,14.9401,15.16,13.35156837,239.0,0.0,1.0
2018-10-03,15.64,15.94,15.188,15.3,13.474867814,17134.0,0.0,1.0
2018-10-02,15.8,15.8,15.15,15.5,13.6510098769,13165.0,0.0,1.0
2018-10-01,15.45,15.82,15.3,15.75,13.8711874556,23545.0,0.0,1.0
2018-09-28,15.1218,15.7899,15.1218,15.59,13.7302738053,5990.0,0.0,1.0
2018-09-27,15.4073,15.6648,15.37,15.4811,13.634364452,7217.0,0.0,1.0
2018-09-26,14.71,15.76,14.71,15.1,13.2987257511,12673.0,0.0,1.0
2018-09-25,14.8973,15.3699,14.385,14.72,12.9640558315,11785.0,0.0,1.0
2018-09-24,15.09,15.2,14.65,14.89,13.113776585,46618.0,0.0,1.0
2018-09-21,15.46,15.46,15.03,15.2,13.3867967825,2474.0,0.0,1.0
2018-09-20,15.32,15.32,14.97,15.15,13.3427612668,6224.0,0.0,1.0
2018-09-19,15.0001,15.0001,15.0001,15.0001,13.2107427906,617.0,0.0,1.0
2018-09-18,15.0395,15.55,15.0395,15.05,13.2546902353,18398.0,0.0,1.0
2018-09-17,14.421,15.59,14.421,15.25,13.4308322983,32366.0,0.0,1.0
2018-09-14,14.97,15.25,14.59,14.59,12.8495634906,47291.0,0.0,1.0
2018-09-13,14.08,15.01,14.08,15.0,13.2106547196,58567.0,0.0,1.0
2018-09-12,14.19,14.64,13.89,14.44,12.7174569434,39650.0,0.0,1.0
2018-09-11,13.59,14.06,13.5606,13.95,12.2859088892,38199.0,0.0,1.0
2018-09-10,13.93,14.19,13.41,13.6,11.9776602791,42109.0,0.0,1.0
2018-09-07,14.25,14.3,13.75,13.85,12.1978378578,32297.0,0.0,1.0
2018-09-06,14.26,14.3,13.92,14.25,12.5501219836,11823.0,0.0,1.0
2018-09-05,13.39,14.2,13.39,14.2,12.5060864679,15853.0,0.0,1.0
2018-09-04,13.96,14.2,13.21,13.21,11.6341832564,37749.0,0.0,1.0
2018-08-31,14.69,14.69,14.1593,14.3,12.5941574994,54936.0,0.0,1.0
2018-08-30,14.9,14.9,14.17,14.4,12.6822285308,83847.0,0.0,1.0
2018-08-29,14.78,14.78,14.2,14.7,12.9464416252,17158.0,0.0,1.0
2018-08-28,14.84,15.13,14.37,14.5,12.7702995623,6796.0,0.0,1.0
2018-08-27,14.94,14.98,14.6,14.98,13.1930405133,10404.0,0.0,1.0
2018-08-24,14.38,15.04,14.3,15.04,13.2458831322,12542.0,0.0,1.0
2018-08-23,14.52,14.71,14.06,14.15,12.4620509522,36884.0,0.0,1.0
2018-08-22,14.92,15.02,14.61,14.61,12.8671776969,15338.0,0.0,1.0
2018-08-21,14.381,15.25,14.381,14.97,13.1842334102,30068.0,0.0,1.0
2018-08-20,14.36,14.97,14.29,14.7,12.9464416252,7172.0,0.0,1.0
2018-08-17,14.6,14.728,14.5931,14.6127,12.8695556148,3627.0,0.0,1.0
2018-08-16,14.27,14.97,14.27,14.97,13.1842334102,48038.0,0.0,1.0
2018-08-15,14.29,14.57,13.36,13.99,12.3211373018,45608.0,0.0,1.0
2018-08-14,14.91,14.98,14.37,14.4,12.6822285308,3448.0,0.0,1.0
2018-08-13,15.5,15.58,14.6,14.96,13.175426307,11794.0,0.0,1.0
2018-08-10,14.9127,15.76,14.67,15.2,13.3867967825,13455.0,0.0,1.0
2018-08-09,15.3204,15.55,15.1001,15.27,13.4484465046,10144.0,0.0,1.0
2018-08-08,15.68,15.68,15.29,15.5,13.6510098769,4903.0,0.0,1.0
2018-08-07,15.74,15.804,15.34,15.73,13.8535732493,4660.0,0.0,1.0
2018-08-06,16.0,16.0,15.35,15.7,13.8271519399,13606.0,0.0,1.0
2018-08-03,15.36,16.28,15.36,16.28,14.3379639224,5068.0,0.0,1.0
2018-08-02,16.06,16.06,15.48,15.48,13.6333956706,2548.0,0.0,1.0
2018-08-01,15.36,15.68,15.36,15.68,13.8095377336,1156.0,0.0,1.0
2018-07-31,15.6,16.07,15.39,15.9368,14.0357041424,4390.0,0.0,1.0
2018-07-30,15.4245,15.77,14.87,15.43,13.5893601549,6968.0,0.0,1.0
2018-07-27,15.58,15.89,15.12,15.12,13.3163399574,3735.0,0.0,1.0
2018-07-26,15.81,15.81,15.559,15.56,13.7038524958,987.0,0.0,1.0
2018-07-25,15.6,15.9084,15.241,15.84,13.9504513839,4675.0,0.0,1.0
2018-07-24,15.26,15.88,15.135,15.35,13.5189033297,16031.0,0.0,1.0
2018-07-23,15.05,15.42,14.8663,15.29,13.4660607109,6110.0,0.0,1.0
2018-07-20,14.95,15.31,14.6904,15.17,13.3603754731,3674.0,0.0,1.0
2018-07-19,14.9601,15.25,14.96,14.96,13.175426307,3786.0,0.0,1.0
2018-07-18,15.3325,15.3325,15.3325,15.3325,13.5034908992,672.0,0.0,1.0
2018-07-17,15.38,15.39,15.1776,15.34,13.5100962266,5335.0,0.0,1.0
2018-07-16,15.33,15.36,14.9301,15.35,13.5189033297,3260.0,0.0,1.0
2018-07-13,15.24,15.33,14.5,15.33,13.5012891234,31397.0,0.0,1.0
2018-07-12,15.0391,15.28,15.0391,15.27,13.4484465046,1584.0,0.0,1.0
2018-07-11,15.05,15.28,14.845,15.11,13.3075328542,11310.0,0.0,1.0
2018-07-10,15.03,15.16,14.78,15.16,13.35156837,17880.0,0.0,1.0
2018-07-09,14.95,14.95,14.635,14.89,13.113776585,5726.0,0.0,1.0
2018-07-06,14.5034,14.8793,14.5034,14.7,12.9464416252,1584.0,0.0,1.0
2018-07-05,14.6031,14.84,14.5353,14.84,13.0697410693,2212.0,0.0,1.0
2018-07-03,14.44,14.95,14.44,14.74,12.9816700378,4709.0,0.0,1.0
2018-07-02,14.582,14.82,14.3,14.3,12.5941574994,2828.0,0.0,1.0
2018-06-29,14.44,14.85,14.44,14.85,13.0785481724,6617.0,0.0,1.0
2018-06-28,14.98,15.0,14.71,14.72,12.9640558315,91655.0,0.0,1.0
2018-06-27,15.16,15.17,14.79,15.14,13.3339541637,3191.0,0.0,1.0
2018-06-26,15.18,15.18,15.01,15.04,13.2458831322,1732.0,0.0,1.0
2018-06-25,15.06,15.28,14.82,15.01,13.2194618228,6223.0,0.0,1.0
2018-06-22,15.19,15.32,15.18,15.2,13.3867967825,31530.0,0.0,1.0
2018-06-21,15.11,15.29,14.985,15.14,13.3339541637,17939.0,0.0,1.0
2018-06-20,15.5,15.5,14.93,15.34,13.5100962266,10552.0,0.0,1.0
2018-06-19,15.35,15.6,15.06,15.25,13.4308322983,43616.0,0.0,1.0
2018-06-18,15.75,15.75,15.72,15.72,13.8447661462,2517.0,0.0,1.0
2018-06-15,15.13,15.5834,14.7601,15.49,13.6422027738,68639.0,0.0,1.0
2018-06-14,15.51,15.59,15.5,15.5,13.6510098769,1811.0,0.0,1.0
2018-06-13,15.26,15.8,15.07,15.39,13.5541317423,13998.0,0.0,1.0
2018-06-12,15.36,15.39,15.31,15.3377,13.5080705929,10746.0,0.0,1.0
2018-06-11,15.7,15.7,13.87,15.48,13.6333956706,259541.0,0.0,1.0
2018-06-08,15.64,15.84,15.1966,15.71,13.835959043,1023427.0,0.0,1.0
2018-06-07,15.625,15.74,15.33,15.5,13.6510098769,35824.0,0.0,1.0
2018-06-06,15.47,16.3,15.3411,16.08,14.1618218594,20651.0,0.0,1.0
2018-06-05,15.4825,15.59,15.3472,15.55,13.6950453927,1823.0,0.0,1.0
2018-06-04,15.9,15.9,15.3409,15.42,13.5805530518,4891.0,0.0,1.0
2018-06-01,15.15,15.9582,15.15,15.61,13.7478880115,11179.0,0.0,1.0
2018-05-31,15.58,15.58,15.0,15.0,13.2106547196,6596.0,0.0,1.0
2018-05-30,15.65,15.74,15.37,15.37,13.536517536,2181.0,0.0,1.0
2018-05-29,15.5,16.29,15.09,15.09,13.2899186479,37065.0,0.0,1.0
2018-05-25,16.3,16.3,15.6,15.6,13.7390809084,6611.0,0.0,1.0
2018-05-24,15.8007,16.3,15.7107,16.26,14.3203497161,13632.0,0.0,1.0
2018-05-23,15.99,16.3,15.62,16.3,14.3555781286,8526.0,0.0,1.0
2018-05-22,15.5663,16.3,15.5663,16.27,14.3291568192,5737.0,0.0,1.0
2018-05-21,15.96,16.06,15.55,16.06,14.1442076531,2861.0,0.0,1.0
2018-05-18,15.7,15.98,15.31,15.98,14.073750828,4909.0,0.0,1.0
2018-05-17,15.939,16.339,15.939,16.339,14.3899258309,829.0,0.0,1.0
2018-05-16,15.8588,16.26,15.8588,16.05,14.13540055,4120.0,0.0,1.0
2018-05-15,15.9,15.9,15.572,15.68,13.8095377336,21508.0,0.0,1.0
2018-05-14,15.8,16.0,15.73,16.0,14.0913650343,22341.0,0.0,1.0
2018-05-11,15.3976,16.2,15.3976,15.78,13.897608765,33132.0,0.0,1.0
2018-05-10,15.53,15.99,15.53,15.96,14.0561366217,4066.0,0.0,1.0
2018-05-09,15.38,15.9,14.9599,15.9,14.0032940028,7883.0,0.0,1.0
2018-05-08,14.7008,15.42,14.6,15.36,13.5277104329,19094.0,0.0,1.0
2018-05-07,15.0,15.2599,14.8,14.84,13.0697410693,10315.0,0.0,1.0
2018-05-04,14.8898,15.3515,14.8898,15.01,13.2194618228,4895.0,0.0,1.0
2018-05-03,14.96,15.25,14.8,15.25,13.4308322983,18088.0,0.0,1.0
2018-05-02,15.0671,15.22,14.61,14.76,12.9992842441,36967.0,0.0,1.0
2018-05-01,14.8542,15.18,14.85,15.18,13.3691825763,1659.0,0.0,1.0
2018-04-30,15.0,15.24,14.95,15.2,13.3867967825,37776.0,0.0,1.0
2018-04-27,15.3,15.3,15.14,15.28,13.4572536077,6184.0,0.0,1.0
2018-04-26,15.4999,15.4999,15.05,15.3,13.474867814,12336.0,0.0,1.0
2018-04-25,15.17,15.63,15.1192,15.19,13.3779896794,10643.0,0.0,1.0
2018-04-24,15.21,15.47,15.1,15.1,13.2987257511,4973.0,0.0,1.0
2018-04-23,15.38,15.38,14.84,15.09,13.2899186479,17333.0,0.0,1.0
2018-04-20,15.13,15.49,14.95,15.32,13.4924820203,4419.0,0.0,1.0
2018-04-19,15.58,15.65,15.17,15.5,13.6510098769,13777.0,0.0,1.0
2018-04-18,14.95,15.79,14.95,15.4,13.5629388455,24327.0,0.0,1.0
2018-04-17,15.3179,15.3179,14.8,14.8,13.0345126567,20283.0,0.0,1.0
2018-04-16,15.2417,15.2417,15.065,15.065,13.2679008901,1039.0,0.0,1.0
2018-04-13,15.06,15.48,15.0076,15.1503,13.3430254799,23975.0,0.0,1.0
2018-04-12,15.06,15.36,15.0,15.16,13.35156837,12716.0,0.0,1.0
2018-04-11,14.64,15.2,14.64,14.77,13.0080913472,9812.0,0.0,1.0
2018-04-10,15.21,15.25,14.99,15.0,13.2106547196,1119.0,0.0,1.0
2018-04-09,14.7507,15.0,14.58,14.97,13.1842334102,3655.0,0.0,1.0
2018-04-06,14.57,14.82,14.57,14.81,13.0433197598,4277.0,0.0,1.0
2018-04-05,14.55,15.219,14.55,14.76,12.9992842441,7267.0,0.0,1.0
2018-04-04,14.45,14.82,14.43,14.5,12.7702995623,4668.0,0.0,1.0
2018-04-03,14.9,14.919,14.55,14.59,12.8495634906,11033.0,0.0,1.0
2018-04-02,14.9,14.93,14.38,14.62,12.8759848001,6417.0,0.0,1.0
2018-03-29,14.59,14.8115,14.59,14.65,12.9024061095,2292.0,0.0,1.0
2018-03-28,14.47,14.97,14.22,14.35,12.6381930151,12122.0,0.1106,1.0
2018-03-27,14.59,14.93,14.3,14.93,13.0484013684,4867.0,0.0,1.0
2018-03-26,14.531,14.99,14.43,14.95,13.0658808076,12202.0,0.0,1.0
2018-03-23,14.36,14.88,14.1564,14.43,12.6114153882,3376.0,0.0,1.0
2018-03-22,14.71,14.9699,14.61,14.61,12.7687303411,4732.0,0.0,1.0
2018-03-21,14.8476,15.09,14.5,14.5,12.6725934254,12300.0,0.0,1.0
2018-03-20,14.0892,14.87,14.0892,14.65,12.8036892195,4158.0,0.0,1.0
2018-03-19,14.48,14.5901,14.34,14.42,12.6026756686,5322.0,0.0,1.0
2018-03-16,14.62,15.1077,14.51,14.57,12.7337714627,3102.0,0.0,1.0
2018-03-15,15.21,15.21,14.6,14.95,13.0658808076,3897.0,0.0,1.0
2018-03-14,14.79,14.999,14.77,14.95,13.0658808076,3025.0,0.0,1.0
2018-03-13,14.9125,15.0,14.49,14.49,12.6638537058,1378.0,0.0,1.0
2018-03-12,14.6875,15.14,14.6447,15.0,13.1095794056,2957.0,0.0,1.0
2018-03-09,14.56,14.8297,14.56,14.72,12.8648672567,12231.0,0.0,1.0
2018-03-08,14.8699,14.8699,14.39,14.42,12.6026756686,1502.0,0.0,1.0
2018-03-07,14.83,14.83,14.5706,14.8,12.9347850135,3206.0,0.0,1.0
2018-03-06,14.72,14.9,14.59,14.65,12.8036892195,7575.0,0.0,1.0
2018-03-05,14.7,15.19,14.66,15.0,13.1095794056,19198.0,0.0,1.0
2018-03-02,15.18,15.18,14.85,15.0,13.1095794056,4044.0,0.0,1.0
2018-03-01,15.29,15.39,14.9,15.18,13.2668943585,9241.0,0.0,1.0
2018-02-28,14.93,15.3,14.71,15.29,13.3630312741,6769.0,0.0,1.0
2018-02-27,15.41,15.76,15.05,15.3,13.3717709937,40903.0,0.0,1.0
2018-02-26,15.62,15.62,15.01,15.3,13.3717709937,53181.0,0.0,1.0
2018-02-23,15.0,15.6,15.0,15.33,13.3979901525,43610.0,0.0,1.0
2018-02-22,15.22,15.27,14.72,15.0,13.1095794056,5989.0,0.0,1.0
2018-02-21,14.51,15.28,14.5,15.0,13.1095794056,33503.0,0.0,1.0
2018-02-20,14.56,14.7,14.2,14.47,12.6463742666,11381.0,0.0,1.0
2018-02-16,14.69,14.85,14.4,14.52,12.6900728646,6673.0,0.0,1.0
2018-02-15,14.45,14.81,14.36,14.65,12.8036892195,18550.0,0.0,1.0
2018-02-14,14.52,14.9248,14.31,14.64,12.7949494999,30078.0,0.0,1.0
2018-02-13,14.74,14.995,14.23,14.8,12.9347850135,15167.0,0.0,1.0
2018-02-12,14.43,15.12,14.38,15.12,13.2144560409,14626.0,0.0,1.0
2018-02-09,14.62,14.82,13.82,14.15,12.3667032393,66697.0,0.0,1.0
2018-02-08,14.7,14.86,14.35,14.83,12.9610041724,69967.0,0.0,1.0
2018-02-07,14.56,14.82,14.0,14.64,12.7949494999,205271.0,0.0,1.0
2018-02-06,14.6,14.88,14.34,14.36,12.550237351,40351.0,0.0,1.0
2018-02-05,15.28,15.28,14.49,14.76,12.8998261351,18034.0,0.0,1.0
2018-02-02,15.01,15.325,14.78,15.25,13.3280723957,12361.0,0.0,1.0
2018-02-01,15.37,15.58,15.25,15.35,13.4154695918,21682.0,0.0,1.0
2018-01-31,14.91,15.3593,14.67,15.29,13.3630312741,19317.0,0.0,1.0
2018-01-30,14.9,15.09,14.49,14.69,12.8386480979,11912.0,0.0,1.0
2018-01-29,15.0524,15.5,14.67,14.8,12.9347850135,27244.0,0.0,1.0
2018-01-26,15.24,15.42,14.93,15.25,13.3280723957,7231.0,0.0,1.0
2018-01-25,15.0,15.53,14.93,15.53,13.5727845446,12428.0,0.0,1.0
2018-01-24,14.63,15.0,14.43,14.7,12.8473878175,24284.0,0.0,1.0
2018-01-23,14.56,14.71,14.555,14.58,12.7425111823,22062.0,0.0,1.0
2018-01-22,14.59,14.67,14.2,14.52,12.6900728646,13978.0,0.0,1.0
2018-01-19,14.63,14.63,14.27,14.6,12.7599906215,10726.0,0.0,1.0
2018-01-18,14.47,14.7,14.165,14.5,12.6725934254,87099.0,0.0,1.0
2018-01-17,14.13,14.8,13.72,14.8,12.9347850135,118361.0,0.0,1.0
2018-01-16,14.63,14.89,14.1689,14.22,12.4278812765,69394.0,0.0,1.0
2018-01-12,14.5,14.5,13.76,14.5,12.6725934254,28507.0,0.0,1.0
2018-01-11,14.16,14.49,13.62,14.49,12.6638537058,17294.0,0.0,1.0
2018-01-10,14.1,14.29,14.02,14.29,12.4890593138,31749.0,0.0,1.0
2018-01-09,13.93,14.28,13.82,14.17,12.3841826785,20010.0,0.0,1.0
2018-01-08,14.053,14.37,13.73,13.73,11.9996350159,10472.0,0.0,1.0
2018-01-05,13.96,14.12,13.76,13.82,12.0782924924,66655.0,0.0,1.0
2018-01-04,13.93,14.11,13.57,13.87,12.1219910904,47249.0,0.0,1.0
2018-01-03,13.94,14.17,13.72,13.81,12.0695527728,15365.0,0.0,1.0
2018-01-02,13.44,14.06,13.44,13.89,12.1394705296,24588.0,0.0,1.0
2017-12-29,13.49,13.74,13.4,13.44,11.7461831474,6263.0,0.0,1.0
2017-12-28,13.17,13.66,13.17,13.6,11.8860186611,34252.0,0.0,1.0
2017-12-27,13.24,13.25,13.08,13.16,11.5014709985,26861.0,0.0,1.0
2017-12-26,13.09,13.36,13.09,13.22,11.5539093162,21449.0,0.0,1.0
2017-12-22,13.07,13.2099,12.84,13.13,11.4752518397,34925.0,0.0,1.0
2017-12-21,12.95,13.24,12.76,12.9,11.2742382888,283761.0,0.0,1.0
2017-12-20,13.02,13.4,12.88,12.98,11.3441560457,365844.0,0.0,1.0
2017-12-19,13.51,13.87,13.04,13.3,11.623827073,478359.0,0.0,1.0
2017-12-18,13.38,13.74,13.1136,13.35,11.667525671,430348.0,0.0,1.0
2017-12-15,12.3,12.48,11.88,12.16,10.6274990382,73807.0,0.0,1.0
2017-12-14,11.91,12.11,11.82,11.97,10.4614443657,249335.0,0.0,1.0
2017-12-13,11.48,12.06,11.45,11.81,10.321608852,205739.0,0.0,1.0
2017-12-12,11.09,11.645,11.09,11.49,10.0419378247,445109.0,0.0,1.0
2017-12-11,11.2,11.655,11.14,11.33,9.90210231104,132157.0,0.0,1.0
2017-12-08,11.16,11.16,10.28,10.77,9.41267801323,41251.0,0.0,1.0
2017-12-07,10.89,11.38,10.89,11.25,9.83218455421,26775.0,0.0,1.0
2017-12-06,11.42,11.4399,10.86,10.95,9.5699929661,12521.0,0.0,1.0
2017-12-05,11.75,11.75,11.0601,11.67,10.1992527776,29497.0,0.0,1.0
2017-12-04,11.83,11.87,11.53,11.74,10.2604308148,132406.0,0.0,1.0
2017-12-01,12.01,12.02,11.54,11.72,10.2429513756,70387.0,0.0,1.0
2017-11-30,12.135,12.135,11.52,11.9,10.4002663285,81949.0,0.0,1.0
2017-11-29,12.04,12.28,11.7,12.21,10.6711976362,115402.0,0.0,1.0
2017-11-28,12.19,12.29,11.89,12.13,10.6012798793,38300.0,0.0,1.0
2017-11-27,12.15,12.6,11.9906,12.39,10.828512589,41899.0,0.0,1.0
2017-11-24,12.58,12.59,12.36,12.36,10.8022934302,3106.0,0.0,1.0
2017-11-22,12.6001,12.84,12.59,12.59,11.0033069811,3418.0,0.0,1.0
2017-11-21,12.69,13.19,12.69,12.88,11.2567588496,18737.0,0.0,1.0
2017-11-20,13.25,13.26,12.57,12.59,11.0033069811,27216.0,0.0,1.0
2017-11-17,13.5717,13.89,13.3201,13.58,11.8685392219,6241.0,0.0,1.0
2017-11-16,13.35,13.74,13.33,13.48,11.7811420258,4687.0,0.0,1.0
2017-11-15,13.053,13.5,13.053,13.4,11.711224269,10040.0,0.0,1.0
2017-11-14,13.26,13.55,13.25,13.3,11.623827073,13022.0,0.0,1.0
2017-11-13,13.42,13.42,13.25,13.25,11.580128475,10155.0,0.0,1.0
2017-11-10,13.3737,13.4858,13.28,13.47,11.7724023062,3112.0,0.0,1.0
2017-11-09,13.45,13.67,13.3904,13.4,11.711224269,3441.0,0.0,1.0
2017-11-08,13.58,13.6829,13.46,13.61,11.8947583807,2324.0,0.0,1.0
2017-11-07,13.61,13.82,13.3826,13.3826,11.6960171569,44233.0,0.0,1.0
2017-11-06,13.7845,13.7845,13.7,13.7,11.9734158571,1837.0,0.0,1.0
2017-11-03,13.64,13.7,13.64,13.66,11.9384569787,809.0,0.0,1.0
2017-11-02,13.77,13.99,13.77,13.88,12.13073081,7951.0,0.0,1.0
2017-11-01,13.8355,13.8355,13.75,13.8,12.0608130532,2372.0,0.0,1.0
2017-10-31,13.84,13.94,13.61,13.78,12.043333614,17944.0,0.0,1.0
2017-10-30,13.75,13.881,13.62,13.88,12.13073081,9147.0,0.0,1.0
2017-10-27,13.84,13.84,13.52,13.6,11.8860186611,2350.0,0.0,1.0
2017-10-26,13.97,13.97,13.7,13.97,12.2093882864,6823.0,0.0,1.0
2017-10-25,14.11,14.11,13.8298,13.8298,12.0868574176,5626.0,0.0,1.0
2017-10-24,14.05,14.235,14.03,14.1,12.3230046413,23468.0,0.0,1.0
2017-10-23,14.15,14.2509,14.01,14.01,12.2443471648,11416.0,0.0,1.0
2017-10-20,13.97,14.235,13.97,14.23,12.4366209961,7464.0,0.0,1.0
2017-10-19,14.0814,14.19,13.9589,14.02,12.2530868845,7410.0,0.0,1.0
2017-10-18,13.9101,14.13,13.87,14.13,12.3492238001,2839.0,0.0,1.0
2017-10-17,14.2,14.38,14.06,14.06,12.2880457629,9169.0,0.0,1.0
2017-10-16,14.55,14.63,14.3,14.4,12.5851962294,12967.0,0.0,1.0
2017-10-13,14.3646,14.52,14.22,14.34,12.5327579118,4901.0,0.0,1.0
2017-10-12,14.44,14.5212,14.1,14.26,12.4628401549,174367.0,0.0,1.0
2017-10-11,14.39,14.639,14.02,14.36,12.550237351,87796.0,0.0,1.0
2017-10-10,14.57,14.57,14.17,14.31,12.506538753,16854.0,0.0,1.0
2017-10-09,14.47,14.64,14.19,14.6,12.7599906215,6185.0,0.0,1.0
2017-10-06,14.57,14.63,14.23,14.61,12.7687303411,4581.0,0.0,1.0
2017-10-05,14.38,14.68,14.24,14.32,12.5152784726,16406.0,0.0,1.0
2017-10-04,14.2,14.45,14.08,14.09,12.3142649217,23534.0,0.0,1.0
2017-10-03,14.13,14.47,13.87,14.44,12.6201551078,10584.0,0.0,1.0
2017-10-02,14.02,14.26,13.86,13.92,12.1656896884,9142.0,0.0,1.0
2017-09-29,14.29,14.29,13.8,13.9,12.1482102492,9556.0,0.0,1.0
2017-09-28,13.9,14.18,13.9,13.95,12.1919088472,308901.0,0.0,1.0
2017-09-27,13.8,14.17,13.8,13.98,12.218128006,53180.0,0.0,1.0
2017-09-26,13.7,14.06,13.7,13.71,11.9821555767,6062.0,0.0,1.0
2017-09-25,14.28,14.28,13.7,13.7,11.9734158571,12796.0,0.0,1.0
2017-09-22,14.22,14.35,14.12,14.25,12.4541004353,5346.0,0.0,1.0
2017-09-21,13.91,14.27,13.8408,14.2,12.4104018373,11209.0,0.0,1.0
2017-09-20,14.07,14.3,13.97,14.2,12.4104018373,11644.0,0.0,1.0
2017-09-19,14.12,14.12,13.7,13.81,12.0695527728,6780.0,0.0,1.0
2017-09-18,13.74,14.68,13.7,13.91,12.1569499688,20916.0,0.0,1.0
2017-09-15,13.95,14.13,13.79,13.83,12.087032212,2961.0,0.0,1.0
2017-09-14,13.73,13.99,13.7,13.91,12.1569499688,7723.0,0.0,1.0
2017-09-13,13.8655,13.99,13.5047,13.83,12.087032212,1896.0,0.0,1.0
2017-09-12,13.483,14.0,13.483,13.72,11.9908952963,45327.0,0.0,1.0
2017-09-11,13.9,13.9,13.41,13.43,11.7374434278,14854.0,0.0,1.0
2017-09-08,14.18,14.18,13.7585,13.85,12.1045116512,7742.0,0.0,1.0
2017-09-07,14.22,14.3,14.0,14.3,12.4977990334,4277.0,0.0,1.0
2017-09-06,14.48,14.48,14.05,14.3,12.4977990334,4989.0,0.0,1.0
2017-09-05,14.17,14.54,13.811,14.54,12.7075523038,10549.0,0.0,1.0
2017-09-01,14.7799,14.7799,14.26,14.26,12.4628401549,3438.0,0.0,1.0
2017-08-31,14.15,14.62,13.82,14.55,12.7162920235,9530.0,0.0,1.0
2017-08-30,14.37,14.61,14.16,14.16,12.3754429589,7309.0,0.0,1.0
2017-08-29,14.45,14.7,14.1601,14.37,12.5589770706,3710.0,0.0,1.0
2017-08-28,14.2,14.65,14.2,14.46,12.637634547,9873.0,0.0,1.0
2017-08-25,13.7,14.29,13.7,14.19,12.4016621177,3879.0,0.0,1.0
2017-08-24,14.1785,14.2381,13.95,13.95,12.1919088472,3338.0,0.0,1.0
2017-08-23,14.0,14.0205,13.77,13.83,12.087032212,33811.0,0.0,1.0
2017-08-22,14.0,14.17,13.8117,14.05,12.2793060433,4774.0,0.0,1.0
2017-08-21,14.1893,14.1893,13.82,14.12,12.3404840805,2594.0,0.0,1.0
2017-08-18,13.8823,14.04,13.87,14.04,12.2705663237,4916.0,0.0,1.0
2017-08-17,13.9,14.0,13.85,13.92,12.1656896884,7496.0,0.0,1.0
2017-08-16,13.93,14.24,13.84,13.94,12.1831691276,19161.0,0.0,1.0
2017-08-15,14.04,14.44,14.04,14.42,12.6026756686,4638.0,0.0,1.0
2017-08-14,14.19,14.2299,13.855,14.12,12.3404840805,5520.0,0.0,1.0
2017-08-11,13.93,14.04,13.82,13.94,12.1831691276,3826.0,0.0,1.0
2017-08-10,13.99,14.205,13.85,13.85,12.1045116512,21410.0,0.0,1.0
2017-08-09,13.98,14.055,13.65,13.96,12.2006485668,5025.0,0.0,1.0
2017-08-08,13.98,14.21,13.95,14.17,12.3841826785,7517.0,0.0,1.0
2017-08-07,13.9,14.0,13.86,13.8829,12.1332653287,9476.0,0.0,1.0
2017-08-04,14.01,14.01,13.76,13.76,12.0258541748,3991.0,0.0,1.0
2017-08-03,14.0,14.1,13.91,14.01,12.2443471648,15303.0,0.0,1.0
2017-08-02,14.11,14.36,13.97,14.13,12.3492238001,44105.0,0.0,1.0
2017-08-01,14.5,14.51,13.8,14.25,12.4541004353,61299.0,0.0,1.0
2017-07-31,14.4219,14.57,14.2603,14.5,12.6725934254,1630.0,0.0,1.0
2017-07-28,14.46,14.59,14.31,14.56,12.7250317431,6917.0,0.0,1.0
2017-07-27,14.48,14.61,14.2787,14.55,12.7162920235,12615.0,0.0,1.0
2017-07-26,14.62,14.87,14.39,14.6,12.7599906215,21103.0,0.0,1.0
2017-07-25,14.44,14.72,14.3,14.35,12.5414976314,33973.0,0.0,1.0
2017-07-24,14.62,14.62,14.28,14.31,12.506538753,7375.0,0.0,1.0
2017-07-21,14.54,14.82,14.35,14.35,12.5414976314,15996.0,0.0,1.0
2017-07-20,14.7017,14.7017,14.46,14.65,12.8036892195,3027.0,0.0,1.0
2017-07-19,14.73,14.79,14.51,14.69,12.8386480979,14215.0,0.0,1.0
2017-07-18,14.56,14.76,14.395,14.75,12.8910864155,8615.0,0.0,1.0
2017-07-17,14.63,14.89,14.49,14.62,12.7774700607,13325.0,0.0,1.0
2017-07-14,14.2101,14.55,14.2101,14.55,12.7162920235,10486.0,0.0,1.0
2017-07-13,14.34,14.55,14.22,14.48,12.6551139862,11259.0,0.0,1.0
2017-07-12,14.0,14.8599,14.0,14.23,12.4366209961,20471.0,0.0,1.0
2017-07-11,13.77,14.0,13.66,13.91,12.1569499688,27111.0,0.0,1.0
2017-07-10,13.8221,13.9,13.56,13.64,11.9209775395,35461.0,0.0,1.0
2017-07-07,13.75,13.94,13.66,13.66,11.9384569787,3846.0,0.0,1.0
2017-07-06,13.77,13.9,13.63,13.82,12.0782924924,14809.0,0.0,1.0
2017-07-05,13.62,13.99,13.44,13.89,12.1394705296,19585.0,0.0,1.0
2017-07-03,13.36,13.57,13.35,13.52,11.8161009043,5203.0,0.0,1.0
2017-06-30,13.38,13.44,13.25,13.31,11.6325667926,9122.0,0.0,1.0
2017-06-29,13.5292,13.6,13.27,13.43,11.7374434278,6779.0,0.0,1.0
2017-06-28,13.4356,13.54,13.35,13.41,11.7199639886,13551.0,0.0,1.0
2017-06-27,13.6,13.714,13.12,13.32,11.6413065122,46956.0,0.0,1.0
2017-06-26,13.39,13.63,13.196,13.55,11.8423200631,43073.0,0.0,1.0
2017-06-23,13.49,13.76,13.28,13.3,11.623827073,74726.0,0.0,1.0
2017-06-22,13.44,13.696,13.37,13.46,11.7636625866,37074.0,0.0,1.0
2017-06-21,13.7,13.7,13.43,13.48,11.7811420258,36736.0,0.0,1.0
2017-06-20,13.7294,13.86,13.56,13.56,11.8510597827,42800.0,0.0,1.0
2017-06-19,13.94,14.07,13.73,13.8,12.0608130532,26859.0,0.0,1.0
2017-06-16,14.05,14.105,13.61,13.87,12.1219910904,121601.0,0.0,1.0
2017-06-15,14.04,14.26,13.95,13.98,12.218128006,21166.0,0.0,1.0
2017-06-14,14.25,14.39,14.2,14.2,12.4104018373,34426.0,0.0,1.0
2017-06-13,14.2,14.39,13.9921,14.39,12.5764565098,16937.0,0.0,1.0
2017-06-12,14.0321,14.43,14.0321,14.25,12.4541004353,16015.0,0.0,1.0
2017-06-09,14.42,14.42,14.24,14.3,12.4977990334,109817.0,0.0,1.0
2017-06-08,14.2,14.31,14.09,14.23,12.4366209961,12717.0,0.0,1.0
2017-06-07,14.23,14.26,14.11,14.11,12.3317443609,184660.0,0.0,1.0
2017-06-06,14.09,14.25,14.09,14.17,12.3841826785,85365.0,0.0,1.0
2017-06-05,14.41,14.42,14.15,14.15,12.3667032393,19420.0,0.0,1.0
2017-06-02,14.07,14.38,13.7301,14.31,12.506538753,20520.0,0.0,1.0
2017-06-01,13.81,14.47,13.81,14.46,12.637634547,21993.0,0.0,1.0
2017-05-31,14.44,14.48,13.81,13.82,12.0782924924,24526.0,0.0,1.0
2017-05-30,14.29,14.4,14.23,14.23,12.4366209961,14911.0,0.0,1.0
2017-05-26,14.317,14.47,14.31,14.37,12.5589770706,33983.0,0.0,1.0
2017-05-25,14.45,14.5,14.17,14.32,12.5152784726,11572.0,0.0,1.0
2017-05-24,14.2653,14.43,14.16,14.27,12.4715798745,25431.0,0.0,1.0
2017-05-23,13.92,14.31,13.92,14.18,12.3929223981,17482.0,0.0,1.0
2017-05-22,14.03,14.13,13.715,14.0,12.2356074452,38420.0,0.0,1.0
2017-05-19,13.66,14.38,13.66,14.16,12.3754429589,37611.0,0.0,1.0
2017-05-18,13.9,13.9,13.61,13.8,12.0608130532,12852.0,0.0,1.0
2017-05-17,13.99,14.38,13.81,14.07,12.2967854825,43557.0,0.0,1.0
2017-05-16,14.55,14.7,14.24,14.29,12.4890593138,40749.0,0.0,1.0
2017-05-15,14.57,14.57,14.38,14.44,12.6201551078,22195.0,0.0,1.0
2017-05-12,14.18,14.46,14.18,14.36,12.550237351,16850.0,0.0,1.0
2017-05-11,13.99,14.3489,13.99,14.28,12.4803195941,47852.0,0.0,1.0
2017-05-10,13.85,14.16,13.85,14.09,12.3142649217,31508.0,0.0,1.0
2017-05-09,13.84,13.86,13.77,13.8,12.0608130532,15022.0,0.0,1.0
2017-05-08,14.18,14.18,13.75,13.86,12.1132513708,29124.0,0.0,1.0
2017-05-05,13.77,13.95,13.67,13.92,12.1656896884,70795.0,0.0,1.0
2017-05-04,13.89,13.91,13.68,13.68,11.9559364179,26616.0,0.0,1.0
2017-05-03,13.85,14.2,13.79,13.88,12.13073081,30856.0,0.0,1.0
2017-05-02,13.9,13.97,13.76,13.97,12.2093882864,13829.0,0.0,1.0
2017-05-01,13.66,13.97,13.66,13.89,12.1394705296,3336.0,0.0,1.0
2017-04-28,13.66,13.75,13.58,13.72,11.9908952963,22703.0,0.0,1.0
2017-04-27,13.95,13.95,13.55,13.67,11.9471966983,46209.0,0.0,1.0
2017-04-26,14.2,14.253,13.93,13.97,12.2093882864,108788.0,0.0,1.0
2017-04-25,14.16,14.34,14.04,14.27,12.4715798745,55984.0,0.0,1.0
2017-04-24,14.33,14.33,14.13,14.19,12.4016621177,46206.0,0.0,1.0
2017-04-21,14.1,14.24,14.1,14.21,12.4191415569,55126.0,0.0,1.0
2017-04-20,14.24,14.4,14.05,14.11,12.3317443609,80129.0,0.0,1.0
2017-04-19,14.36,14.42,13.94,14.17,12.3841826785,58190.0,0.0,1.0
2017-04-18,14.13,14.42,14.11,14.3,12.4977990334,127554.0,0.0,1.0
2017-04-17,14.12,14.33,14.12,14.24,12.4453607157,313089.0,0.0,1.0
2017-04-13,14.29,14.7,14.09,14.12,12.3404840805,97975.0,0.0,1.0
2017-04-12,14.02,14.57,14.02,14.37,12.5589770706,199773.0,0.0,1.0
2017-04-11,14.12,14.215,14.01,14.05,12.2793060433,137233.0,0.0,1.0
2017-04-10,14.26,14.48,14.1052,14.18,12.3929223981,139264.0,0.0,1.0
2017-04-07,14.51,14.51,14.17,14.25,12.4541004353,58203.0,0.0,1.0
2017-04-06,14.4,14.65,14.4,14.51,12.681333145,42269.0,0.0,1.0
2017-04-05,14.0,14.4,13.9,14.23,12.4366209961,134444.0,0.0,1.0
2017-04-04,13.64,13.98,13.64,13.88,12.13073081,103193.0,0.0,1.0
2017-04-03,13.54,13.81,13.54,13.75,12.0171144552,108694.0,0.0,1.0
2017-03-31,13.44,13.67,13.39,13.58,11.8685392219,186728.0,0.0,1.0
2017-03-30,13.32,13.67,12.98,13.4,11.711224269,233484.0,0.0,1.0
2017-03-29,13.68,13.76,13.33,13.34,11.6587859514,177801.0,0.0,1.0
2017-03-28,13.3,13.78,12.94,13.68,11.9559364179,230791.0,0.0,1.0
2017-03-27,13.76,13.7868,13.3,13.38,11.6937448298,41594.0,0.0,1.0
2017-03-24,13.6,14.29,13.36,13.68,11.9559364179,30622.0,0.0,1.0
2017-03-23,13.63,13.69,13.31,13.67,11.9471966983,791827.0,0.0,1.0
2017-03-22,13.5,13.52,13.2,13.42,11.7287037082,26809.0,0.0019,1.0
2017-03-21,13.2603,13.72,13.2603,13.35,11.6658827114,61340.0,0.0,1.0
2017-03-20,13.15,13.44,13.1108,13.41,11.7183136449,37030.0,0.0,1.0
2017-03-17,13.15,13.32,12.98,13.06,11.4124665326,46294.0,0.0,1.0
2017-03-16,13.0,13.14,12.9035,13.08,11.4299435105,29710.0,0.0,1.0
2017-03-15,12.5,12.8,12.41,12.75,11.141573376,22450.0,0.0,1.0
2017-03-14,12.42,12.65,12.35,12.54,10.9580651087,31660.0,0.0,1.0
2017-03-13,12.16,12.54,12.0651,12.54,10.9580651087,24757.0,0.0,1.0
2017-03-10,12.2999,12.2999,12.07,12.15,10.6172640407,12024.0,0.0,1.0
2017-03-09,12.35,12.36,12.15,12.2,10.6609564853,16099.0,0.0,1.0
2017-03-08,12.5,12.5,12.22,12.39,10.8269877748,181411.0,0.0,1.0
2017-03-07,12.3,12.55,12.24,12.26,10.7133874188,87542.0,0.0,1.0
2017-03-06,12.22,12.42,12.09,12.33,10.7745568413,736000.0,0.0,1.0
2017-03-03,12.3,12.49,12.14,12.14,10.6085255518,57187.0,0.0,1.0
2017-03-02,12.49,12.58,12.27,12.55,10.9668035976,66800.0,0.0,1.0
2017-03-01,11.92,12.44,11.83,12.32,10.7658183524,30135.0,0.0,1.0
2017-02-28,12.01,12.026,11.75,11.98,10.468709729,22819.0,0.0,1.0
2017-02-27,11.96,12.16,11.96,12.04,10.5211406625,36064.0,0.0,1.0
2017-02-24,12.2,12.2,11.97,11.97,10.4599712401,8660.0,0.0,1.0
2017-02-23,12.53,12.53,12.25,12.27,10.7221259077,75767.0,0.0,1.0
2017-02-22,12.3053,12.7,12.18,12.7,11.0978809314,8079.0,0.0,1.0
2017-02-21,12.4268,12.6167,12.21,12.48,10.9056341751,57600.0,0.0,1.0
2017-02-17,12.35,12.35,12.12,12.19,10.6522179964,15725.0,0.0,1.0
2017-02-16,12.17,12.57,12.17,12.51,10.9318496419,11627.0,0.0,1.0
2017-02-15,12.13,12.28,12.06,12.27,10.7221259077,7012.0,0.0,1.0
2017-02-14,11.9,12.18,11.9,12.05,10.5298791515,13726.0,0.0,1.0
2017-02-13,11.96,12.15,11.96,11.99,10.4774482179,14931.0,0.0,1.0
2017-02-10,11.69,12.12,11.69,12.12,10.5910485739,23866.0,0.0,1.0
2017-02-09,11.7,12.07,11.48,11.65,10.1803395946,14232.0,0.0,1.0
2017-02-08,11.75,11.82,11.47,11.76,10.2764629727,40901.0,0.0,1.0
2017-02-07,12.04,12.04,11.49,11.65,10.1803395946,43330.0,0.0,1.0
2017-02-06,12.25,12.25,12.08,12.14,10.6085255518,3538.0,0.0,1.0
2017-02-03,12.31,12.37,12.29,12.29,10.7396028856,15305.0,0.0,1.0
2017-02-02,12.08,12.32,12.08,12.26,10.7133874188,12371.0,0.0,1.0
2017-02-01,12.25,12.38,12.22,12.22,10.6784334631,82419.0,0.0,1.0
2017-01-31,12.25,12.38,12.225,12.25,10.7046489299,10703.0,0.0,1.0
2017-01-30,12.5,12.55,12.275,12.37,10.809510797,12336.0,0.0,1.0
2017-01-27,12.54,12.67,12.47,12.64,11.0454499979,9693.0,0.0,1.0
2017-01-26,12.75,12.75,12.625,12.65,11.0541884868,5444.0,0.0,1.0
2017-01-25,12.74,12.92,12.51,12.72,11.1153579093,18140.0,0.0,1.0
2017-01-24,12.54,12.76,12.54,12.68,11.0804039536,9121.0,0.0,1.0
2017-01-23,12.42,12.71,12.42,12.58,10.9930190643,7507.0,0.0,1.0
2017-01-20,12.61,12.69,12.51,12.55,10.9668035976,3846.0,0.0,1.0
2017-01-19,12.6,12.74,12.56,12.63,11.036711509,38056.0,0.0,1.0
2017-01-18,12.77,12.77,12.5701,12.58,10.9930190643,5217.0,0.0,1.0
2017-01-17,12.68,12.9589,12.64,12.89,11.2639122209,16073.0,0.0,1.0
2017-01-13,12.54,12.79,12.45,12.6,11.0104960422,17429.0,0.0,1.0
2017-01-12,12.65,12.8702,12.18,12.47,10.8968956862,15241.0,0.0,1.0
2017-01-11,12.44,12.64,12.39,12.64,11.0454499979,8981.0,0.0,1.0
2017-01-10,12.56,12.62,12.42,12.485,10.9100034196,48283.0,0.0,1.0
2017-01-09,12.54,12.59,12.4701,12.52,10.9405881308,4388.0,0.0,1.0
2017-01-06,12.8,12.8,12.21,12.58,10.9930190643,7677.0,0.0,1.0
2017-01-05,12.69,12.94,12.69,12.75,11.141573376,9089.0,0.0,1.0
2017-01-04,12.49,12.86,12.49,12.58,10.9930190643,7221.0,0.0,1.0
2017-01-03,12.5,12.7899,12.34,12.43,10.8619417305,43649.0,0.0,1.0
2016-12-30,12.32,12.46,12.32,12.44,10.8706802194,4775.0,0.0,1.0
2016-12-29,12.22,12.39,12.045,12.39,10.8269877748,11075.0,0.0,1.0
2016-12-28,12.06,12.17,12.03,12.07,10.5473561293,19092.0,0.0,1.0
2016-12-27,12.01,12.17,11.85,11.99,10.4774482179,14928.0,0.0,1.0
2016-12-23,12.06,12.08,11.84,11.97,10.4599712401,29061.0,0.0,1.0
2016-12-22,12.19,12.25,11.89,12.21,10.6696949742,35486.0,0.0,1.0
2016-12-21,12.2,12.28,12.03,12.28,10.7308643967,27029.0,0.0,1.0
2016-12-20,12.1,12.21,11.945,12.12,10.5910485739,31724.0,0.0,1.0
2016-12-19,12.33,12.37,12.01,12.01,10.4949251958,17742.0,0.0,1.0
2016-12-16,12.35,12.44,12.15,12.33,10.7745568413,42945.0,0.0,1.0
2016-12-15,12.49,12.63,12.39,12.41,10.8444647527,30008.0,0.0,1.0
2016-12-14,12.96,12.96,12.55,12.57,10.9842805754,35426.0,0.0,1.0
2016-12-13,12.69,13.01,12.69,13.01,11.368774088,123052.0,0.0,1.0
2016-12-12,12.69,12.84,12.63,12.72,11.1153579093,40683.0,0.0,1.0
2016-12-09,12.61,12.83,12.515,12.71,11.1066194203,66683.0,0.0,1.0
2016-12-08,12.47,12.7611,12.47,12.69,11.0891424425,12145.0,0.0,1.0
2016-12-07,12.39,12.69,12.15,12.57,10.9842805754,147583.0,0.0,1.0
2016-12-06,12.3,12.65,12.295,12.44,10.8706802194,73637.0,0.0,1.0
2016-12-05,12.27,12.49,12.27,12.35,10.7920338191,21881.0,0.0,1.0
2016-12-02,12.27,12.37,12.19,12.28,10.7308643967,51082.0,0.0,1.0
2016-12-01,12.2,12.37,12.125,12.24,10.695910441,18005.0,0.0,1.0
2016-11-30,12.19,12.35,12.17,12.21,10.6696949742,18943.0,0.0,1.0
2016-11-29,12.04,12.24,11.97,12.11,10.582310085,108576.0,0.0,1.0
2016-11-28,12.0,12.12,11.94,12.04,10.5211406625,72005.0,0.0,1.0
2016-11-25,12.05,12.125,11.99,12.03,10.5124021736,20591.0,0.0,1.0
2016-11-23,12.17,12.26,11.96,12.12,10.5910485739,69397.0,0.0,1.0
2016-11-22,12.31,12.4,11.97,12.2,10.6609564853,74509.0,0.0,1.0
2016-11-21,12.11,12.44,12.11,12.2,10.6609564853,583597.0,0.0,1.0
2016-11-18,12.04,12.1892,11.98,12.1,10.5735715961,71610.0,0.0,1.0
2016-11-17,12.03,12.12,11.95,12.06,10.5386176404,25947.0,0.0,1.0
2016-11-16,12.0,12.08,11.92,12.04,10.5211406625,52542.0,0.0,1.0
2016-11-15,12.42,12.45,11.9628,12.01,10.4949251958,13772.0,0.0,1.0
2016-11-14,12.28,12.43,12.1,12.17,10.6347410185,12544.0,0.0,1.0
2016-11-11,12.65,12.65,12.14,12.14,10.6085255518,11940.0,0.0,1.0
2016-11-10,12.91,12.92,12.52,12.82,11.2027427985,27185.0,0.0,1.0
2016-11-09,13.21,13.35,13.08,13.15,11.4911129329,9125.0,0.0,1.0
2016-11-08,13.41,13.665,13.31,13.52,11.814437023,17075.0,0.0,1.0
2016-11-07,13.29,13.53,13.24,13.47,11.7707445784,10384.0,0.0,1.0
2016-11-04,13.15,13.35,13.07,13.09,11.4386819994,15429.0,0.0,1.0
2016-11-03,13.39,13.47,13.12,13.26,11.5872363111,16381.0,0.0,1.0
2016-11-02,12.96,13.47,12.96,13.31,11.6309287557,20900.0,0.0,1.0
2016-11-01,13.43,13.58,12.95,13.09,11.4386819994,106269.0,0.0,1.0
2016-10-31,13.76,13.98,13.21,13.5,11.7969600452,27556.0,0.0,1.0
2016-10-28,13.49,13.81,13.45,13.81,12.0678532018,11319.0,0.0,1.0
2016-10-27,13.77,13.85,13.4,13.4,11.709575156,7168.0,0.0,1.0
2016-10-26,13.67,13.81,13.62,13.71,11.9804683126,13782.0,0.0,1.0
2016-10-25,13.57,13.82,13.48,13.63,11.9105604012,12790.0,0.0,1.0
2016-10-24,13.33,13.61,13.33,13.61,11.8930834233,10445.0,0.0,1.0
2016-10-21,13.31,13.5,13.16,13.18,11.5173283997,9498.0,0.0,1.0
2016-10-20,13.33,13.35,13.24,13.31,11.6309287557,2074.0,0.0,1.0
2016-10-19,13.21,13.39,13.19,13.38,11.6920981781,5382.0,0.0,1.0
2016-10-18,12.85,13.4,12.85,13.23,11.5610208443,17587.0,0.0,1.0
2016-10-17,12.83,12.96,12.81,12.85,11.2289582652,12660.0,0.0,1.0
2016-10-14,12.79,13.0,12.78,12.82,11.2027427985,25907.0,0.0,1.0
2016-10-13,12.8,12.9,12.71,12.83,11.2114812874,105766.0,0.0,1.0
2016-10-12,13.24,13.24,12.95,13.0,11.3600355991,17434.0,0.0,1.0
2016-10-11,13.1,13.45,12.98,13.35,11.6658827114,27025.0,0.0,1.0
2016-10-10,12.99,13.39,12.99,13.1,11.4474204883,6061.0,0.0,1.0
2016-10-07,13.01,13.04,12.83,12.96,11.3250816434,10829.0,0.0,1.0
2016-10-06,13.05,13.14,12.8708,12.95,11.3163431545,15489.0,0.0,1.0
2016-10-05,13.32,13.32,12.95,13.08,11.4299435105,15715.0,0.0,1.0
2016-10-04,13.32,13.44,13.09,13.16,11.4998514218,20125.0,0.0,1.0
2016-10-03,13.22,13.42,13.17,13.37,11.6833596892,170312.0,0.0,1.0
2016-09-30,12.96,13.5,12.96,13.32,11.6396672446,29667.0,0.0,1.0
2016-09-29,12.99,13.24,12.99,13.06,11.4124665326,29093.0,0.0,1.0
2016-09-28,13.0,13.11,12.92,13.02,11.3775125769,72917.0,0.0,1.0
2016-09-27,13.2,13.23,12.88,13.07,11.4212050215,35991.0,0.0,1.0
2016-09-26,13.4,13.41,13.18,13.24,11.5697593332,16799.0,0.0,1.0
2016-09-23,13.66,13.71,13.41,13.54,11.8319140009,16675.0,0.0,1.0
2016-09-22,13.52,13.8,13.51,13.8,12.0591147129,28695.0,0.0,1.0
2016-09-21,13.32,13.43,13.19,13.36,11.6746212003,108821.0,0.0,1.0
2016-09-20,13.19,13.33,13.03,13.11,11.4561589772,28244.0,0.0,1.0
2016-09-19,12.9,13.23,12.9,13.23,11.5610208443,21923.0,0.0,1.0
2016-09-16,12.84,13.18,12.74,12.92,11.2901276877,35910.0,0.0,1.0
2016-09-15,13.15,13.29,12.9,13.04,11.3949895548,371366.0,0.0,1.0
2016-09-14,13.14,13.17,13.02,13.16,11.4998514218,30987.0,0.0,1.0
2016-09-13,12.99,13.03,12.84,12.96,11.3250816434,18689.0,0.0,1.0
2016-09-12,12.87,13.23,12.64,13.09,11.4386819994,31683.0,0.0,1.0
2016-09-09,12.94,13.15,12.92,12.95,11.3163431545,105352.0,0.0,1.0
2016-09-08,13.16,13.19,13.02,13.16,11.4998514218,25680.0,0.0,1.0
2016-09-07,13.27,13.28,13.13,13.23,11.5610208443,3822.0,0.0,1.0
2016-09-06,12.96,13.28,12.94,13.19,11.5260668886,18374.0,0.0,1.0
2016-09-02,12.99,13.02,12.89,12.94,11.3076046655,28755.0,0.0,1.0
2016-09-01,12.91,13.05,12.811,12.9,11.2726507099,29471.0,0.0,1.0
2016-08-31,13.19,13.19,12.81,13.01,11.368774088,57193.0,0.0,1.0
2016-08-30,13.26,13.36,13.165,13.19,11.5260668886,15641.0,0.0,1.0
2016-08-29,13.09,13.36,13.0801,13.34,11.6571442224,26286.0,0.0,1.0
2016-08-26,13.05,13.22,13.02,13.16,11.4998514218,39181.0,0.0,1.0
2016-08-25,12.92,13.28,12.915,13.11,11.4561589772,13368.0,0.0,1.0
2016-08-24,12.8,13.07,12.8,13.03,11.3862510658,15911.0,0.0,1.0
2016-08-23,13.01,13.06,12.81,12.9,11.2726507099,29819.0,0.0,1.0
2016-08-22,13.11,13.11,12.8,12.99,11.3512971102,22347.0,0.0,1.0
2016-08-19,13.05,13.24,13.05,13.14,11.482374444,7979.0,0.0,1.0
2016-08-18,13.2,13.29,13.1,13.11,11.4561589772,14319.0,0.0,1.0
2016-08-17,13.28,13.28,13.12,13.14,11.482374444,12628.0,0.0,1.0
2016-08-16,13.3,13.5,13.11,13.39,11.7008366671,252066.0,0.0,1.0
2016-08-15,13.25,13.53,13.25,13.4,11.709575156,5797.0,0.0,1.0
2016-08-12,13.34,13.38,13.1,13.1,11.4474204883,12327.0,0.0,1.0
2016-08-11,13.13,13.55,13.13,13.44,11.7445291117,85960.0,0.0,1.0
2016-08-10,13.02,13.25,12.99,13.23,11.5610208443,28618.0,0.0,1.0
2016-08-09,12.9,13.13,12.9,13.03,11.3862510658,3790.0,0.0,1.0
2016-08-08,12.83,13.08,12.78,12.95,11.3163431545,34823.0,0.0,1.0
2016-08-05,12.85,12.89,12.7,12.86,11.2376967542,27918.0,0.0,1.0
2016-08-04,12.75,12.8,12.7,12.77,11.1590503539,18504.0,0.0,1.0
2016-08-03,12.75,12.83,12.745,12.79,11.1765273317,9732.0,0.0,1.0
2016-08-02,12.79,12.93,12.78,12.78,11.1677888428,22424.0,0.0,1.0
2016-08-01,13.03,13.03,12.8,12.86,11.2376967542,25553.0,0.0,1.0
2016-07-29,12.87,13.2,12.87,13.2,11.5348053775,49161.0,0.0,1.0
2016-07-28,12.91,13.05,12.77,13.05,11.4037280437,28658.0,0.0,1.0
2016-07-27,13.26,13.26,13.03,13.04,11.3949895548,17109.0,0.0,1.0
2016-07-26,13.2,13.38,13.14,13.38,11.6920981781,25818.0,0.0,1.0
2016-07-25,13.4,13.4,13.01,13.37,11.6833596892,19102.0,0.0,1.0
2016-07-22,13.08,13.42,13.06,13.36,11.6746212003,13035.0,0.0,1.0
2016-07-21,13.09,13.19,12.9,13.14,11.482374444,104696.0,0.0,1.0
2016-07-20,13.0,13.38,12.98,13.14,11.482374444,15943.0,0.0,1.0
2016-07-19,13.02,13.07,12.935,13.0,11.3600355991,22410.0,0.0,1.0
2016-07-18,13.0,13.16,12.91,13.16,11.4998514218,7647.0,0.0,1.0
2016-07-15,12.84,13.03,12.84,12.89,11.2639122209,17735.0,0.0,1.0
2016-07-14,12.89,12.98,12.81,12.9,11.2726507099,6368.0,0.0,1.0
2016-07-13,12.58,12.84,12.58,12.8,11.1852658206,52094.0,0.0,1.0
2016-07-12,12.77,12.8,12.55,12.7,11.0978809314,42714.0,0.0,1.0
2016-07-11,12.68,12.7,12.53,12.63,11.036711509,44729.0,0.0,1.0
2016-07-08,12.48,12.76,12.36,12.68,11.0804039536,53006.0,0.0,1.0
2016-07-07,12.48,12.65,12.18,12.32,10.7658183524,27618.0,0.0,1.0
2016-07-06,12.46,12.58,12.38,12.58,10.9930190643,27783.0,0.0,1.0
2016-07-05,12.54,12.69,12.49,12.5,10.923111153,32813.0,0.0,1.0
2016-07-01,12.72,12.94,12.69,12.8,11.1852658206,31519.0,0.0,1.0
2016-06-30,12.6,12.77,12.44,12.77,11.1590503539,64792.0,0.0,1.0
2016-06-29,12.39,12.56,12.39,12.44,10.8706802194,85878.0,0.0,1.0
2016-06-28,11.92,12.37,11.92,12.36,10.800772308,91139.0,0.0,1.0
2016-06-27,12.09,12.09,11.76,11.89,10.3900633287,31085.0,0.0,1.0
2016-06-24,12.0,12.34,11.85,12.27,10.7221259077,96224.0,0.0,1.0
2016-06-23,12.29,12.53,12.27,12.48,10.9056341751,55483.0,0.0,1.0
2016-06-22,11.76,12.35,11.58,12.28,10.7308643967,78418.0,0.0,1.0
2016-06-21,11.94,11.94,11.75,11.82,10.3288939062,9530.0,0.0,1.0
2016-06-20,11.82,11.93,11.75,11.93,10.4250172844,50918.0,0.0,1.0
2016-06-17,11.29,11.78,11.29,11.62,10.1541241278,21136.0,0.0,1.0
2016-06-16,11.41,11.45,11.25,11.34,9.90944643797,23894.0,0.0,1.0
2016-06-15,11.41,11.63,11.31,11.37,9.93566190474,51961.0,0.0,1.0
2016-06-14,11.71,11.71,11.33,11.43,9.98809283827,31064.0,0.0,1.0
2016-06-13,11.52,11.5231,11.14,11.26,9.83953852659,107053.0,0.0,1.0
2016-06-10,11.96,11.96,11.6,11.6,10.1366471499,10689.0,0.0,1.0
2016-06-09,12.09,12.09,11.93,11.96,10.4512327512,16277.0,0.0,1.0
2016-06-08,12.34,12.4,12.15,12.22,10.6784334631,19003.0,0.0,1.0
2016-06-07,12.32,12.41,12.25,12.25,10.7046489299,8544.0,0.0,1.0
2016-06-06,12.23,12.41,12.18,12.26,10.7133874188,8711.0,0.0,1.0
2016-06-03,12.0,12.26,11.97,12.13,10.5997870628,33996.0,0.0,1.0
2016-06-02,12.13,12.16,11.9501,12.12,10.5910485739,46438.0,0.0,1.0
2016-06-01,12.73,12.73,12.01,12.18,10.6434795074,51120.0,0.0,1.0
2016-05-31,12.16,12.9,11.88,12.9,11.2726507099,73575.0,0.0,1.0
2016-05-27,12.2,12.26,12.03,12.14,10.6085255518,21197.0,0.0,1.0
2016-05-26,12.2,12.36,12.08,12.2,10.6609564853,31833.0,0.0,1.0
2016-05-25,12.08,12.19,11.96,12.08,10.5560946182,37631.0,0.0,1.0
2016-05-24,12.0,12.15,11.99,12.09,10.5648331071,12035.0,0.0,1.0
2016-05-23,11.95,12.03,11.83,11.96,10.4512327512,16826.0,0.0,1.0
2016-05-20,11.84,11.9992,11.84,11.88,10.3813248398,9842.0,0.0,1.0
2016-05-19,11.89,11.99,11.66,11.79,10.3026784395,32033.0,0.0,1.0
2016-05-18,11.87,11.96,11.7611,11.89,10.3900633287,20300.0,0.0,1.0
2016-05-17,11.98,11.98,11.76,11.91,10.4075403065,42048.0,0.0,1.0
2016-05-16,12.31,12.34,11.92,12.11,10.582310085,29317.0,0.0,1.0
2016-05-13,12.42,12.47,12.15,12.3,10.7483413745,52390.0,0.0,1.0
2016-05-12,12.64,12.69,12.29,12.36,10.800772308,31446.0,0.0,1.0
2016-05-11,12.99,12.99,12.51,12.65,11.0541884868,16373.0,0.0,1.0
2016-05-10,12.81,12.95,12.68,12.94,11.3076046655,19127.0,0.0,1.0
2016-05-09,13.1,13.78,12.82,12.9,11.2726507099,10425.0,0.0,1.0
2016-05-06,13.09,13.21,12.88,13.1,11.4474204883,26871.0,0.0,1.0
2016-05-05,13.21,13.3,13.08,13.14,11.482374444,24160.0,0.0,1.0
2016-05-04,13.13,13.29,12.94,13.15,11.4911129329,8568.0,0.0,1.0
2016-05-03,13.41,13.41,13.01,13.05,11.4037280437,33421.0,0.0,1.0
2016-05-02,13.62,13.73,13.45,13.51,11.8056985341,8188.0,0.0,1.0
2016-04-29,13.58,13.69,13.5,13.56,11.8493909787,13413.0,0.0,1.0
2016-04-28,13.33,13.66,13.3,13.53,11.823175512,69928.0,0.0,1.0
2016-04-27,13.05,13.43,13.04,13.31,11.6309287557,43881.0,0.0,1.0
2016-04-26,12.99,13.38,12.9201,13.09,11.4386819994,72087.0,0.0,1.0
2016-04-25,13.16,13.17,12.93,13.01,11.368774088,56104.0,0.0,1.0
2016-04-22,13.16,13.35,13.02,13.15,11.4911129329,37134.0,0.0,1.0
2016-04-21,13.7,13.7,13.11,13.25,11.5784978221,73483.0,0.0,1.0
2016-04-20,13.56,13.73,13.55,13.6,11.8843449344,24876.0,0.0,1.0
2016-04-19,13.71,13.89,13.6,13.69,11.9629913347,139412.0,0.0,1.0
2016-04-18,13.5,13.83,13.28,13.48,11.7794830674,93498.0,0.0,1.0
2016-04-15,13.53,13.61,13.41,13.54,11.8319140009,61928.0,0.0,1.0
2016-04-14,13.73,13.79,13.45,13.55,11.8406524898,101317.0,0.0,1.0
2016-04-13,13.9,13.9,13.62,13.69,11.9629913347,41378.0,0.0,1.0
2016-04-12,13.49,13.84,13.43,13.81,12.0678532018,51852.0,0.0,1.0
2016-04-11,13.27,13.63,13.01,13.44,11.7445291117,75280.0,0.0,1.0
2016-04-08,13.22,13.46,13.08,13.37,11.6833596892,69598.0,0.0,1.0
2016-04-07,13.39,13.39,13.08,13.16,11.4998514218,59835.0,0.0,1.0
2016-04-06,13.1,13.44,13.1,13.4,11.709575156,29623.0,0.0,1.0
2016-04-05,13.57,13.57,13.17,13.33,11.6484057335,30960.0,0.0,1.0
2016-04-04,14.1411,14.17,13.49,13.61,11.8930834233,52829.0,0.0,1.0
2016-04-01,13.59,14.43,13.33,14.43,12.609639515,31009.0,0.0,1.0
2016-03-31,13.7,13.8799,13.62,13.75,12.0154222683,112661.0,0.0,1.0
2016-03-30,13.3,13.855,13.26,13.48,11.7794830674,50087.0,0.0,1.0
2016-03-29,13.05,13.21,12.87,13.12,11.4648974661,87898.0,0.0,1.0
2016-03-28,13.05,13.18,12.95,13.18,11.5173283997,51989.0,0.0,1.0
2016-03-24,12.98,13.0,12.76,12.9,11.2726507099,24744.0,0.0,1.0
2016-03-23,13.15,13.21,12.81,12.97,11.3338201323,61801.0,0.0,1.0
2016-03-22,13.06,13.25,13.02,13.14,11.482374444,40145.0,0.0,1.0
2016-03-21,12.98,13.21,12.85,13.21,11.5435438665,66121.0,0.0,1.0
2016-03-18,13.09,13.09,12.85,12.85,11.2289582652,30732.0,0.0,1.0
2016-03-17,12.76,13.2,12.76,13.17,11.5085899108,82242.0,0.0,1.0
2016-03-16,12.15,12.67,12.03,12.56,10.9755420865,110726.0,0.0,1.0
2016-03-15,12.14,12.44,12.11,12.21,10.6696949742,103384.0,0.0,1.0
2016-03-14,12.37,12.5,12.0,12.22,10.6784334631,212483.0,0.0,1.0
2016-03-11,12.54,12.615,12.36,12.42,10.8532032416,34455.0,0.0,1.0
2016-03-10,12.38,12.525,12.28,12.45,10.8794187084,11021.0,0.0,1.0
2016-03-09,12.41,12.47,12.23,12.34,10.7832953302,47655.0,0.0,1.0
2016-03-08,12.63,12.63,12.164,12.28,10.7308643967,57107.0,0.0,1.0
2016-03-07,12.61,12.65,12.33,12.56,10.9755420865,592017.0,0.0,1.0
2016-03-04,12.15,12.66,12.04,12.55,10.9668035976,46872.0,0.0,1.0
2016-03-03,12.12,12.26,12.04,12.26,10.7133874188,61191.0,0.0,1.0
2016-03-02,12.13,12.26,11.97,11.98,10.468709729,54067.0,0.535,1.0
2016-03-01,12.34,12.48,12.21,12.47,10.4310275375,43667.0,0.0,1.0
2016-02-29,12.37,12.51,12.08,12.25,10.2469997862,60457.0,0.0,1.0
2016-02-26,12.59,12.66,12.22,12.22,10.2219050928,15900.0,0.0,1.0
2016-02-25,12.39,12.46,12.35,12.4,10.372473253,13940.0,0.0,1.0
2016-02-24,12.31,12.5099,12.2,12.35,10.330648764,19258.0,0.0,1.0
2016-02-23,12.44,12.53,12.34,12.39,10.3641083552,54414.0,0.0,1.0
2016-02-22,12.38,12.72,12.38,12.68,10.6066903909,41972.0,0.0,1.0
2016-02-19,12.14,12.35,11.99,12.27,10.2637295818,37961.0,0.0,1.0
2016-02-18,12.21,12.38,12.05,12.18,10.1884455017,47671.0,0.0,1.0
2016-02-17,11.88,12.25,11.84,12.11,10.1298912172,35741.0,0.0,1.0
2016-02-16,11.88,11.9689,11.7,11.82,9.88730918146,62798.0,0.0,1.0
2016-02-12,11.31,11.87,11.31,11.71,9.79529530583,54617.0,0.0,1.0
2016-02-11,11.08,11.49,11.08,11.27,9.4272398033,72340.0,0.0,1.0
2016-02-10,11.42,11.6,11.35,11.37,9.51088878115,31908.0,0.0,1.0
2016-02-09,11.51,11.664,11.2201,11.36,9.50252388336,30333.0,0.0,1.0
2016-02-08,11.37,11.54,11.35,11.5,9.61963245235,29092.0,0.0,1.0
2016-02-05,11.74,11.74,11.5,11.54,9.65309204349,25620.0,0.0,1.0
2016-02-04,11.4,11.78,11.23,11.64,9.73674102133,70428.0,0.0,1.0
2016-02-03,11.35,11.44,11.1,11.42,9.55271327007,217194.0,0.0,1.0
2016-02-02,11.33,11.37,11.19,11.26,9.41887490552,92407.0,0.0,1.0
2016-02-01,11.34,11.53,11.33,11.46,9.58617286121,104861.0,0.0,1.0
2016-01-29,11.27,11.63,11.22,11.55,9.66145694127,142325.0,0.0,1.0
2016-01-28,11.12,11.36,10.99,11.25,9.41051000773,211498.0,0.0,1.0
2016-01-27,11.13,11.14,10.94,11.09,9.27667164318,136662.0,0.0,1.0
2016-01-26,10.85,11.25,10.84,11.25,9.41051000773,60021.0,0.0,1.0
2016-01-25,11.16,11.16,10.68,10.88,9.1010087897,1287347.0,0.0,1.0
2016-01-22,10.9,11.34,10.9,11.18,9.35195572324,80695.0,0.0,1.0
2016-01-21,10.88,10.91,10.79,10.87,9.09264389192,40983.0,0.0,1.0
2016-01-20,10.66,10.99,10.58,10.89,9.10937368748,68374.0,0.0,1.0
2016-01-19,11.15,11.35,10.78,10.91,9.12610348305,73753.0,0.0,1.0
2016-01-15,11.3,11.45,11.03,11.15,9.32686102989,84855.0,0.0,1.0
2016-01-14,11.38,11.62,11.38,11.52,9.63636224792,57650.0,0.0,1.0
2016-01-13,11.36,11.56,11.36,11.37,9.51088878115,75474.0,0.0,1.0
2016-01-12,11.35,11.37,11.13,11.36,9.50252388336,46703.0,0.0,1.0
2016-01-11,11.27,11.42,11.252,11.34,9.48579408779,19810.0,0.0,1.0
2016-01-08,11.33,11.51,11.08,11.31,9.46069939444,68314.0,0.0,1.0
2016-01-07,11.47,11.52,11.28,11.32,9.46906429222,53189.0,0.0,1.0
2016-01-06,11.6,11.87,11.59,11.66,9.7534708169,57827.0,0.0,1.0
2016-01-05,11.6,11.88,11.55,11.74,9.82038999918,45817.0,0.0,1.0
2016-01-04,11.65,11.77,11.56,11.71,9.79529530583,141047.0,0.0,1.0
